5 0.8040865384615385 0.26322115384615385 0.06971153846153844 0.1658653846153846
2 0.8125 0.33774038461538464 0.07692307692307687 0.18990384615384617
1 0.8341346153846154 0.4639423076923077 0.0625 0.13942307692307693
1 0.7752403846153846 0.17548076923076922 0.055288461538461564 0.12980769230769232
3 0.7644230769230769 0.09615384615384615 0.0576923076923076 0.1201923076923077
3 0.8497596153846154 0.5817307692307693 0.07451923076923073 0.125
6 0.8653846153846154 0.7127403846153846 0.07211538461538458 0.13221153846153844
6 0.7632211538461539 0.039663461538461536 0.05048076923076916 0.07932692307692307
4 0.6778846153846154 0.039663461538461536 0.043269230769230727 0.07932692307692307
4 0.6838942307692308 0.10817307692307693 0.04086538461538469 0.09615384615384615
4 0.6971153846153846 0.19350961538461536 0.043269230769230727 0.09855769230769232
4 0.7043269230769231 0.27524038461538464 0.043269230769230727 0.09855769230769232
4 0.7163461538461539 0.37259615384615385 0.04807692307692313 0.10096153846153844
4 0.7283653846153846 0.4831730769230769 0.05288461538461542 0.10576923076923073
4 0.7439903846153846 0.5925480769230769 0.050480769230769273 0.11298076923076927
4 0.7596153846153846 0.71875 0.05288461538461542 0.11057692307692313
11 0.19110576923076922 0.25721153846153844 0.06009615384615383 0.17307692307692307
8 0.17788461538461536 0.3449519230769231 0.06730769230769232 0.19951923076923075
7 0.1971153846153846 0.17908653846153846 0.04807692307692307 0.13701923076923078
7 0.16346153846153846 0.4735576923076923 0.05769230769230771 0.13461538461538458
9 0.2139423076923077 0.0985576923076923 0.05288461538461539 0.12980769230769232
9 0.17067307692307693 0.5925480769230769 0.0625 0.14182692307692302
12 0.14302884615384615 0.7427884615384616 0.06971153846153846 0.13942307692307687
12 0.21634615384615385 0.039663461538461536 0.04807692307692307 0.07932692307692307
10 0.2908653846153846 0.11177884615384616 0.04326923076923078 0.09855769230769232
10 0.29447115384615385 0.039663461538461536 0.04086538461538458 0.07932692307692307
10 0.28846153846153844 0.1983173076923077 0.04326923076923078 0.09855769230769232
10 0.28245192307692313 0.2872596153846154 0.04567307692307693 0.10336538461538464
10 0.28245192307692313 0.3894230769230769 0.04567307692307693 0.10096153846153844
10 0.2716346153846154 0.498798076923077 0.04807692307692307 0.09855769230769235
10 0.2704326923076923 0.6021634615384616 0.050480769230769246 0.10817307692307687
10 0.25721153846153844 0.7283653846153846 0.06249999999999997 0.11538461538461542
