5 0.1935096153846154 0.28966346153846156 0.07451923076923078 0.16105769230769232
2 0.18389423076923078 0.3629807692307692 0.0793269230769231 0.1875
1 0.15985576923076922 0.4879807692307693 0.06490384615384617 0.13461538461538464
1 0.2235576923076923 0.20192307692307693 0.05769230769230768 0.125
3 0.23677884615384615 0.12379807692307693 0.060096153846153855 0.11778846153846152
3 0.140625 0.6069711538461537 0.07932692307692307 0.12259615384615385
6 0.12259615384615385 0.7355769230769231 0.07692307692307693 0.1298076923076924
6 0.24038461538461536 0.052884615384615384 0.05288461538461539 0.10576923076923077
4 0.3245192307692307 0.052884615384615384 0.04326923076923078 0.09615384615384616
4 0.3161057692307693 0.13341346153846154 0.04086538461538464 0.09375
4 0.3028846153846154 0.21634615384615385 0.04326923076923078 0.09615384615384615
4 0.2920673076923077 0.29927884615384615 0.04567307692307693 0.09855769230769229
4 0.2776442307692307 0.3954326923076923 0.05048076923076922 0.09855769230769229
4 0.26322115384615385 0.5060096153846154 0.055288461538461564 0.10336538461538464
4 0.24519230769230768 0.6153846153846154 0.05288461538461536 0.11057692307692302
4 0.22716346153846154 0.7391826923076923 0.05528846153846151 0.10817307692307687
11 0.8016826923076923 0.2668269230769231 0.06490384615384615 0.1730769230769231
8 0.8125 0.3533653846153846 0.07211538461538458 0.19711538461538464
7 0.7980769230769231 0.18870192307692307 0.05288461538461531 0.13701923076923073
7 0.8221153846153846 0.4807692307692307 0.05769230769230771 0.12980769230769224
9 0.7824519230769231 0.11177884615384615 0.055288461538461564 0.12740384615384615
9 0.8137019230769231 0.5973557692307692 0.06490384615384615 0.14182692307692302
12 0.8389423076923077 0.7451923076923077 0.07211538461538458 0.13461538461538458
12 0.7836538461538461 0.04447115384615385 0.04807692307692313 0.0889423076923077
10 0.7055288461538461 0.12620192307692307 0.04567307692307687 0.09855769230769229
10 0.7055288461538461 0.046875 0.04567307692307687 0.09375
10 0.7055288461538461 0.2103365384615385 0.04567307692307687 0.09855769230769232
10 0.7091346153846154 0.29927884615384615 0.04807692307692302 0.10336538461538458
10 0.7091346153846154 0.4014423076923077 0.04807692307692302 0.10096153846153849
10 0.7151442307692308 0.5060096153846154 0.050480769230769273 0.09855769230769235
10 0.7163461538461539 0.6081730769230769 0.05288461538461542 0.10576923076923073
10 0.7247596153846154 0.734375 0.06490384615384615 0.11298076923076916
