10 0.7319711538461537 0.15504807692307693 0.06490384615384615 0.11298076923076923
7 0.5685096153846154 0.4278846153846154 0.06490384615384615 0.14423076923076922
8 0.8497596153846154 0.2956730769230769 0.08413461538461542 0.21153846153846156
11 0.6598557692307692 0.13942307692307693 0.06971153846153844 0.1826923076923077
12 0.5733173076923077 0.33533653846153844 0.06490384615384615 0.1322115384615385
9 0.5673076923076923 0.6526442307692307 0.07211538461538458 0.1610576923076923
10 0.7548076923076923 0.328125 0.0625 0.12259615384615385
10 0.6646634615384615 0.5600961538461539 0.06490384615384615 0.125
6 0.7355769230769231 0.06009615384615385 0.0625 0.1201923076923077
3 0.7788461538461539 0.6442307692307692 0.07692307692307687 0.16346153846153844
2 0.2295673076923077 0.3004807692307692 0.09855769230769232 0.21153846153846154
4 0.47596153846153844 0.6694711538461537 0.0625 0.12259615384615385
4 0.4170673076923077 0.3497596153846154 0.05528846153846151 0.11778846153846151
4 0.40384615384615385 0.5432692307692307 0.0625 0.12980769230769224
