10 0.23317307692307693 0.15865384615384615 0.06730769230769229 0.1201923076923077
7 0.4026442307692308 0.44591346153846156 0.06971153846153844 0.1514423076923077
8 0.11177884615384615 0.30288461538461536 0.0889423076923077 0.22115384615384612
11 0.31009615384615385 0.14423076923076925 0.07211538461538458 0.19230769230769232
12 0.39783653846153844 0.3485576923076923 0.06971153846153849 0.13942307692307693
9 0.4014423076923077 0.6778846153846154 0.07692307692307693 0.16826923076923073
10 0.21033653846153846 0.33774038461538464 0.06490384615384615 0.12740384615384615
10 0.3028846153846154 0.5805288461538461 0.06730769230769235 0.13221153846153855
6 0.23076923076923078 0.06610576923076923 0.06730769230769232 0.11778846153846154
3 0.1814903846153846 0.6670673076923077 0.07932692307692307 0.17067307692307687
2 0.7560096153846154 0.3185096153846154 0.10336538461538458 0.22355769230769235
4 0.4987980769230769 0.6995192307692307 0.06490384615384615 0.1298076923076923
4 0.5612980769230769 0.36658653846153844 0.055288461538461564 0.1225961538461538
4 0.5733173076923077 0.5685096153846154 0.06490384615384615 0.13701923076923073
