10 0.7632211538461537 0.1454326923076923 0.06490384615384615 0.11778846153846154
7 0.5805288461538463 0.4278846153846154 0.06490384615384615 0.1490384615384615
8 0.8786057692307692 0.2920673076923077 0.08413461538461531 0.21875000000000003
11 0.6862980769230769 0.12860576923076925 0.06971153846153844 0.18990384615384617
12 0.5901442307692308 0.3317307692307693 0.06490384615384615 0.13942307692307693
9 0.5697115384615384 0.6598557692307692 0.07211538461538458 0.1658653846153847
10 0.7800480769230769 0.32572115384615385 0.060096153846153855 0.12740384615384615
10 0.6742788461538463 0.5649038461538461 0.06490384615384615 0.1298076923076923
6 0.7692307692307693 0.055288461538461536 0.0625 0.11057692307692307
3 0.7896634615384615 0.6550480769230769 0.07451923076923073 0.17067307692307698
2 0.234375 0.29086538461538464 0.09855769230769229 0.22115384615384617
4 0.4735576923076923 0.6790865384615385 0.0625 0.12740384615384615
4 0.4266826923076923 0.34375 0.05528846153846151 0.12019230769230771
4 0.40625 0.545673076923077 0.0625 0.13461538461538464
