12 0.1971153846153846 0.09254807692307693 0.0625 0.12740384615384615
8 0.16947115384615385 0.3076923076923077 0.07932692307692307 0.20192307692307693
11 0.3449519230769231 0.14543269230769232 0.06971153846153844 0.19471153846153846
7 0.359375 0.4278846153846154 0.060096153846153855 0.1490384615384615
7 0.18629807692307693 0.15264423076923078 0.06490384615384615 0.15144230769230768
9 0.234375 0.7872596153846154 0.0793269230769231 0.1610576923076923
10 0.27403846153846156 0.1670673076923077 0.05288461538461536 0.11778846153846154
10 0.25841346153846156 0.3341346153846154 0.05048076923076922 0.10576923076923078
10 0.26322115384615385 0.4362980769230769 0.06490384615384615 0.11298076923076927
10 0.3557692307692307 0.5637019230769231 0.05288461538461536 0.11778846153846156
2 0.7680288461538461 0.3016826923076923 0.08413461538461542 0.2091346153846154
1 0.6021634615384615 0.15985576923076922 0.060096153846153855 0.15144230769230768
6 0.5721153846153846 0.07572115384615384 0.0625 0.13221153846153846
6 0.5072115384615384 0.16586538461538464 0.0625 0.12980769230769232
3 0.24158653846153844 0.6382211538461539 0.08894230769230768 0.16586538461538458
3 0.43990384615384615 0.25 0.0625 0.1298076923076923
4 0.7403846153846154 0.7764423076923077 0.06730769230769229 0.13461538461538458
4 0.4182692307692307 0.1778846153846154 0.05288461538461536 0.11057692307692309
4 0.6838942307692308 0.3449519230769231 0.050480769230769273 0.11298076923076927
4 0.6069711538461537 0.5432692307692307 0.060096153846153855 0.12019230769230765
4 0.5444711538461537 0.6694711538461537 0.06490384615384615 0.12259615384615385
