7 0.45552884615384615 0.4278846153846154 0.06490384615384615 0.1490384615384615
12 0.45072115384615385 0.3317307692307693 0.06971153846153844 0.13942307692307693
11 0.3557692307692307 0.13942307692307693 0.07211538461538464 0.1826923076923077
9 0.4759615384615385 0.6466346153846154 0.08173076923076927 0.14903846153846156
10 0.3737980769230769 0.5612980769230769 0.060096153846153855 0.13221153846153844
10 0.28365384615384615 0.16466346153846154 0.05288461538461542 0.10817307692307693
10 0.26802884615384615 0.3341346153846154 0.06490384615384615 0.11538461538461536
8 0.17067307692307693 0.30288461538461536 0.08653846153846154 0.21634615384615383
6 0.2776442307692308 0.06490384615384616 0.060096153846153855 0.12980769230769232
3 0.2536057692307692 0.6442307692307692 0.08894230769230768 0.16826923076923073
2 0.7884615384615385 0.2872596153846154 0.09134615384615385 0.20432692307692307
4 0.6045673076923077 0.3389423076923077 0.055288461538461564 0.11538461538461536
4 0.44591346153846156 0.5360576923076923 0.0600961538461538 0.12019230769230771
4 0.5649038461538461 0.6646634615384615 0.0625 0.11778846153846156
