7 0.45072115384615385 0.4098557692307692 0.06971153846153844 0.15625
12 0.44471153846153844 0.31009615384615385 0.07211538461538464 0.14423076923076922
11 0.3473557692307693 0.109375 0.07451923076923078 0.18990384615384615
9 0.47115384615384615 0.6370192307692308 0.08173076923076916 0.15384615384615385
10 0.3641826923076923 0.545673076923077 0.060096153846153855 0.13461538461538464
10 0.27283653846153844 0.13341346153846154 0.055288461538461536 0.11298076923076922
10 0.25600961538461536 0.31009615384615385 0.06490384615384612 0.12019230769230771
8 0.15625 0.27524038461538464 0.09134615384615385 0.22355769230769232
6 0.26802884615384615 0.04927884615384615 0.06490384615384615 0.0985576923076923
3 0.2391826923076923 0.6298076923076923 0.08894230769230768 0.17307692307692313
2 0.7956730769230769 0.27163461538461536 0.09134615384615385 0.21153846153846154
4 0.6057692307692307 0.32091346153846156 0.05769230769230771 0.11778846153846151
4 0.4411057692307692 0.5228365384615385 0.060096153846153855 0.12259615384615385
4 0.5625 0.6586538461538461 0.0625 0.12019230769230771
