7 0.5552884615384616 0.4266826923076923 0.06730769230769229 0.15625
12 0.5588942307692308 0.328125 0.06971153846153844 0.14182692307692313
11 0.6514423076923077 0.12860576923076925 0.07211538461538458 0.18990384615384617
9 0.5420673076923077 0.6526442307692307 0.07932692307692313 0.15625
10 0.6442307692307693 0.5637019230769231 0.05769230769230771 0.13701923076923073
10 0.7259615384615384 0.15625 0.05288461538461542 0.11057692307692307
10 0.7463942307692308 0.3317307692307692 0.06490384615384615 0.12019230769230771
8 0.8449519230769231 0.29927884615384615 0.08413461538461531 0.2235576923076923
6 0.7295673076923077 0.06850961538461539 0.060096153846153855 0.10336538461538462
3 0.7716346153846154 0.6502403846153846 0.08653846153846156 0.17067307692307698
2 0.20913461538461536 0.2800480769230769 0.09134615384615383 0.2139423076923077
4 0.39903846153846156 0.3341346153846154 0.057692307692307654 0.12019230769230765
4 0.5685096153846154 0.5384615384615384 0.060096153846153855 0.125
4 0.45072115384615385 0.6706730769230769 0.060096153846153855 0.1201923076923076
