2 0.7199519230769231 0.2704326923076923 0.0985576923076924 0.2235576923076923
11 0.7764423076923077 0.0889423076923077 0.09134615384615385 0.1778846153846154
7 0.4483173076923077 0.40384615384615385 0.06971153846153849 0.16346153846153844
12 0.4435096153846154 0.3016826923076923 0.07932692307692307 0.1466346153846154
6 0.27403846153846156 0.040865384615384616 0.06730769230769232 0.08173076923076923
8 0.15384615384615385 0.26322115384615385 0.09615384615384616 0.2283653846153846
10 0.2764423076923077 0.11057692307692307 0.06730769230769232 0.1201923076923077
10 0.3497596153846154 0.5384615384615384 0.06971153846153849 0.125
10 0.25240384615384615 0.296875 0.0625 0.12740384615384615
4 0.3449519230769231 0.4098557692307692 0.06490384615384615 0.12259615384615385
4 0.609375 0.30528846153846156 0.06490384615384626 0.12500000000000003
4 0.5492788461538463 0.6526442307692308 0.060096153846153855 0.12740384615384615
