2 0.7079326923076923 0.3173076923076923 0.09375 0.21634615384615383
11 0.7524038461538461 0.13822115384615385 0.08653846153846145 0.18028846153846154
7 0.4519230769230769 0.4411057692307693 0.06730769230769229 0.15625000000000006
12 0.4423076923076923 0.34134615384615385 0.07692307692307693 0.14423076923076922
6 0.2644230769230769 0.06610576923076923 0.0625 0.12259615384615384
8 0.15985576923076922 0.3004807692307692 0.09374999999999999 0.22115384615384615
10 0.2704326923076923 0.15504807692307693 0.06490384615384615 0.11778846153846152
10 0.3641826923076923 0.5697115384615384 0.06490384615384615 0.12019230769230771
10 0.25600961538461536 0.33413461538461536 0.06009615384615383 0.125
4 0.35096153846153844 0.44471153846153844 0.0625 0.12019230769230765
4 0.6033653846153846 0.3485576923076923 0.0625 0.12019230769230771
4 0.5612980769230769 0.6838942307692308 0.060096153846153855 0.12259615384615385
