2 0.7175480769230769 0.3161057692307692 0.09375 0.21875
11 0.7680288461538461 0.13701923076923075 0.08894230769230771 0.18269230769230768
7 0.453125 0.43990384615384615 0.06490384615384615 0.1586538461538462
12 0.4483173076923077 0.34134615384615385 0.07451923076923078 0.14423076923076922
6 0.2800480769230769 0.06490384615384616 0.06490384615384615 0.1201923076923077
8 0.1658653846153846 0.29927884615384615 0.09134615384615384 0.2235576923076923
10 0.28365384615384615 0.15264423076923078 0.0625 0.11778846153846154
10 0.359375 0.5697115384615384 0.06490384615384615 0.12019230769230771
10 0.2608173076923077 0.33413461538461536 0.060096153846153855 0.125
4 0.35216346153846156 0.44471153846153844 0.0600961538461538 0.12019230769230765
4 0.609375 0.3473557692307692 0.060096153846153744 0.12259615384615385
4 0.5540865384615385 0.6850961538461539 0.060096153846153855 0.125
