2 0.2259615384615385 0.28365384615384615 0.09615384615384617 0.22115384615384615
12 0.5865384615384616 0.3125 0.07211538461538458 0.14903846153846156
9 0.6706730769230769 0.4050480769230769 0.07692307692307698 0.1610576923076923
7 0.5745192307692307 0.4158653846153846 0.06730769230769229 0.16826923076923078
11 0.6850961538461539 0.10216346153846155 0.07692307692307687 0.19471153846153846
8 0.875 0.2692307692307692 0.09134615384615374 0.2355769230769231
10 0.7632211538461537 0.12740384615384615 0.06490384615384615 0.11538461538461539
10 0.7740384615384616 0.31009615384615385 0.0625 0.125
10 0.6646634615384615 0.5528846153846154 0.06490384615384615 0.12980769230769235
6 0.7692307692307692 0.04807692307692308 0.07211538461538469 0.09615384615384616
4 0.41586538461538464 0.3269230769230769 0.0625 0.1298076923076923
4 0.5841346153846154 0.5336538461538461 0.06730769230769229 0.12019230769230771
4 0.4579326923076923 0.6706730769230769 0.06971153846153849 0.1298076923076924
