2 0.2391826923076923 0.3016826923076923 0.08894230769230768 0.2091346153846154
12 0.5841346153846154 0.33533653846153844 0.06730769230769229 0.14182692307692307
9 0.6682692307692307 0.42427884615384615 0.06730769230769229 0.1514423076923077
7 0.5769230769230769 0.4314903846153846 0.0625 0.1610576923076923
11 0.6706730769230769 0.1346153846153846 0.07211538461538469 0.1826923076923077
8 0.8581730769230769 0.2956730769230769 0.08653846153846156 0.22115384615384615
10 0.7463942307692308 0.15865384615384615 0.060096153846153855 0.11057692307692307
10 0.7644230769230769 0.3329326923076923 0.0576923076923076 0.11778846153846151
10 0.6694711538461537 0.5625 0.060096153846153855 0.125
6 0.7475961538461539 0.06490384615384616 0.06730769230769229 0.12980769230769232
4 0.42427884615384615 0.3449519230769231 0.055288461538461564 0.12259615384615385
4 0.5913461538461539 0.5444711538461539 0.0625 0.11298076923076922
4 0.47475961538461536 0.671875 0.06490384615384615 0.12259615384615374
