5 0.19110576923076922 0.2776442307692308 0.07451923076923075 0.16105769230769232
2 0.1875 0.3533653846153846 0.07692307692307693 0.19711538461538464
1 0.2740384615384615 0.6129807692307692 0.05769230769230768 0.14423076923076927
1 0.22235576923076922 0.18870192307692307 0.055288461538461536 0.1418269230769231
12 0.14182692307692307 0.7355769230769231 0.07692307692307693 0.14423076923076927
12 0.23076923076923078 0.05048076923076923 0.05769230769230771 0.10096153846153846
3 0.5516826923076923 0.3810096153846154 0.060096153846153855 0.13701923076923078
3 0.38822115384615385 0.10456730769230768 0.05048076923076922 0.13701923076923078
4 0.3112980769230769 0.1201923076923077 0.04086538461538458 0.08653846153846154
4 0.3185096153846154 0.040865384615384616 0.05048076923076922 0.08173076923076923
4 0.27283653846153844 0.5012019230769231 0.05048076923076922 0.10336538461538464
4 0.2824519230769231 0.3894230769230769 0.050480769230769273 0.10576923076923073
4 0.30408653846153844 0.20432692307692307 0.04567307692307693 0.10576923076923075
4 0.4699519230769231 0.2824519230769231 0.04086538461538458 0.10817307692307696
4 0.37259615384615385 0.6141826923076923 0.05288461538461542 0.11298076923076916
4 0.34375 0.7415865384615385 0.05769230769230771 0.11778846153846156
12 0.7908653846153846 0.039663461538461536 0.05769230769230771 0.07932692307692307
12 0.7548076923076923 0.7451923076923077 0.07211538461538458 0.13942307692307687
8 0.8329326923076923 0.3473557692307692 0.07932692307692313 0.2043269230769231
11 0.8161057692307692 0.25841346153846156 0.07932692307692302 0.17548076923076922
7 0.8473557692307692 0.4795673076923077 0.06971153846153844 0.14663461538461542
7 0.6286057692307692 0.040865384615384616 0.055288461538461564 0.08173076923076923
9 0.6286057692307692 0.17307692307692307 0.060096153846153855 0.13942307692307693
9 0.8413461538461539 0.5961538461538461 0.07692307692307687 0.14423076923076916
10 0.5492788461538463 0.7391826923076923 0.060096153846153855 0.11298076923076916
10 0.7391826923076923 0.5012019230769231 0.05048076923076916 0.10336538461538464
10 0.7415865384615385 0.6105769230769231 0.060096153846153855 0.11057692307692302
10 0.7247596153846154 0.39783653846153844 0.050480769230769273 0.10817307692307693
10 0.5528846153846154 0.28365384615384615 0.04807692307692302 0.10096153846153844
10 0.5576923076923077 0.11658653846153846 0.04807692307692313 0.0985576923076923
10 0.7151442307692308 0.19831730769230768 0.04567307692307698 0.10817307692307693
10 0.7091346153846154 0.042067307692307696 0.04807692307692302 0.08413461538461539
