5 0.7980769230769231 0.31490384615384615 0.07211538461538469 0.16346153846153844
2 0.8052884615384616 0.3918269230769231 0.07692307692307687 0.19711538461538458
1 0.7259615384615384 0.6490384615384615 0.05769230769230771 0.14423076923076927
1 0.7632211538461539 0.2247596153846154 0.05528846153846145 0.14182692307692307
12 0.8629807692307692 0.7728365384615384 0.07692307692307698 0.14663461538461542
12 0.7487980769230769 0.07572115384615385 0.050480769230769273 0.12259615384615385
3 0.4411057692307692 0.4158653846153846 0.060096153846153855 0.13942307692307693
3 0.59375 0.140625 0.05288461538461542 0.13701923076923078
4 0.671875 0.15745192307692307 0.04086538461538458 0.0889423076923077
4 0.6622596153846154 0.0673076923076923 0.04567307692307698 0.10096153846153846
4 0.7247596153846154 0.5372596153846154 0.050480769230769273 0.10336538461538464
4 0.7091346153846154 0.4254807692307693 0.05288461538461542 0.10576923076923078
4 0.6814903846153846 0.2403846153846154 0.04567307692307698 0.10576923076923078
4 0.5192307692307692 0.3173076923076923 0.043269230769230727 0.11057692307692307
4 0.6274038461538461 0.6490384615384616 0.05288461538461542 0.11538461538461542
4 0.6610576923076923 0.7788461538461539 0.05769230769230771 0.12019230769230771
12 0.18870192307692307 0.057692307692307696 0.060096153846153855 0.11057692307692307
12 0.25 0.7788461538461539 0.07211538461538461 0.13942307692307687
8 0.15865384615384615 0.3810096153846154 0.08173076923076925 0.20432692307692307
11 0.17067307692307693 0.2920673076923077 0.07692307692307693 0.17548076923076922
7 0.14903846153846154 0.5132211538461539 0.06730769230769229 0.14663461538461542
7 0.35216346153846156 0.06009615384615385 0.05528846153846151 0.11538461538461538
9 0.35697115384615385 0.2091346153846154 0.060096153846153855 0.13942307692307693
9 0.15865384615384615 0.6310096153846154 0.07692307692307691 0.14663461538461542
10 0.45552884615384615 0.7728365384615385 0.060096153846153855 0.11298076923076927
10 0.25841346153846156 0.5372596153846154 0.05048076923076922 0.10336538461538464
10 0.25961538461538464 0.6466346153846154 0.06250000000000003 0.11057692307692302
10 0.26802884615384615 0.4314903846153846 0.050480769230769246 0.10817307692307693
10 0.43509615384615385 0.3173076923076923 0.04807692307692307 0.10096153846153849
10 0.42427884615384615 0.15024038461538464 0.04567307692307693 0.09855769230769232
10 0.2716346153846154 0.23317307692307693 0.04807692307692307 0.10576923076923075
10 0.2716346153846154 0.06370192307692307 0.04807692307692307 0.10817307692307693
