5 0.8149038461538461 0.29086538461538464 0.07211538461538458 0.16346153846153846
2 0.8197115384615384 0.36778846153846156 0.07692307692307687 0.19711538461538464
1 0.734375 0.6262019230769231 0.060096153846153744 0.1466346153846153
1 0.7836538461538461 0.20072115384615385 0.05288461538461542 0.14182692307692304
12 0.8677884615384616 0.7512019230769231 0.07692307692307687 0.1466346153846153
12 0.7740384615384616 0.06370192307692307 0.05288461538461542 0.0985576923076923
3 0.453125 0.38822115384615385 0.060096153846153855 0.13701923076923078
3 0.6153846153846154 0.11298076923076922 0.05288461538461542 0.13942307692307693
4 0.6923076923076923 0.13100961538461536 0.04326923076923084 0.08894230769230768
4 0.6862980769230769 0.051682692307692304 0.04567307692307698 0.07932692307692307
4 0.734375 0.5144230769230769 0.05048076923076916 0.10576923076923073
4 0.7247596153846154 0.4014423076923077 0.050480769230769273 0.10576923076923078
4 0.703125 0.2139423076923077 0.04567307692307687 0.10576923076923075
4 0.5336538461538461 0.2908653846153846 0.04326923076923084 0.11057692307692307
4 0.6346153846153846 0.625 0.05288461538461542 0.11538461538461542
4 0.6634615384615384 0.7560096153846154 0.05769230769230771 0.12259615384615385
12 0.20913461538461536 0.042067307692307696 0.05769230769230768 0.07932692307692307
12 0.2512019230769231 0.7512019230769231 0.06971153846153844 0.14182692307692302
8 0.17067307692307693 0.34975961538461536 0.08173076923076922 0.2091346153846154
11 0.18629807692307693 0.2608173076923077 0.07932692307692307 0.17548076923076922
7 0.15625 0.48197115384615385 0.0673076923076923 0.14663461538461542
7 0.3762019230769231 0.04807692307692308 0.055288461538461564 0.08173076923076923
9 0.3762019230769231 0.17908653846153846 0.060096153846153855 0.14182692307692307
9 0.16346153846153846 0.6009615384615385 0.07692307692307693 0.14903846153846156
10 0.4567307692307692 0.7487980769230769 0.05769230769230771 0.11298076923076927
10 0.26802884615384615 0.5072115384615384 0.050480769230769246 0.10576923076923078
10 0.26322115384615385 0.6165865384615385 0.060096153846153855 0.11298076923076927
10 0.2800480769230769 0.4014423076923077 0.050480769230769273 0.11057692307692307
10 0.45072115384615385 0.28966346153846156 0.04567307692307693 0.10336538461538464
10 0.44471153846153844 0.12259615384615384 0.04807692307692307 0.10096153846153846
10 0.2872596153846154 0.203125 0.04567307692307693 0.1081730769230769
10 0.2932692307692307 0.04567307692307692 0.04807692307692307 0.08173076923076923
