8 0.8353365384615384 0.4278846153846154 0.08413461538461542 0.2115384615384615
12 0.8088942307692308 0.10216346153846154 0.06490384615384615 0.1322115384615385
7 0.8185096153846154 0.16346153846153846 0.06490384615384615 0.15384615384615385
7 0.8461538461538461 0.6947115384615385 0.08173076923076916 0.14903846153846156
9 0.8293269230769231 0.5721153846153846 0.0673076923076924 0.14423076923076927
9 0.6442307692307693 0.3425480769230769 0.05769230769230771 0.13701923076923073
11 0.65625 0.15985576923076922 0.07211538461538458 0.18028846153846154
10 0.5853365384615385 0.09495192307692307 0.055288461538461564 0.11298076923076922
10 0.578125 0.2608173076923077 0.05528846153846145 0.10817307692307693
10 0.7271634615384615 0.17908653846153846 0.050480769230769273 0.11298076923076923
10 0.734375 0.35697115384615385 0.05528846153846145 0.11298076923076922
10 0.7331730769230769 0.4603365384615385 0.0625 0.11298076923076927
10 0.7403846153846154 0.6935096153846154 0.06730769230769229 0.11778846153846156
5 0.4675480769230769 0.43509615384615385 0.06971153846153844 0.1923076923076923
1 0.6274038461538461 0.5649038461538461 0.06730769230769229 0.1538461538461539
3 0.3918269230769231 0.3485576923076923 0.06730769230769229 0.1490384615384615
3 0.3389423076923077 0.671875 0.07211538461538464 0.17067307692307687
2 0.21153846153846154 0.3016826923076923 0.08653846153846151 0.20432692307692307
1 0.34375 0.09014423076923078 0.05769230769230771 0.14182692307692307
6 0.25961538461538464 0.0889423076923077 0.06250000000000003 0.12980769230769232
6 0.16947115384615385 0.5528846153846154 0.07451923076923075 0.1490384615384615
4 0.22836538461538464 0.8040865384615385 0.06730769230769232 0.11778846153846156
4 0.3016826923076923 0.3545673076923077 0.05528846153846151 0.10817307692307693
4 0.4158653846153846 0.18389423076923078 0.05288461538461536 0.11298076923076925
4 0.47716346153846156 0.27403846153846156 0.05048076923076922 0.11057692307692307
4 0.375 0.5528846153846154 0.05769230769230771 0.12019230769230771
4 0.4375 0.6899038461538461 0.05769230769230771 0.125
