8 0.84375 0.390625 0.07692307692307687 0.20432692307692313
12 0.8052884615384616 0.07572115384615385 0.05769230769230771 0.12740384615384615
7 0.8149038461538461 0.13581730769230768 0.0625 0.15144230769230768
7 0.8653846153846154 0.6514423076923077 0.07692307692307698 0.14423076923076916
9 0.84375 0.53125 0.0625 0.13942307692307687
9 0.6550480769230769 0.3173076923076923 0.055288461538461564 0.13461538461538464
11 0.6586538461538461 0.1358173076923077 0.06730769230769229 0.17548076923076925
10 0.5877403846153846 0.07692307692307693 0.050480769230769273 0.11057692307692307
10 0.5865384615384616 0.23798076923076925 0.05288461538461542 0.10576923076923078
10 0.7295673076923077 0.15264423076923075 0.05048076923076916 0.10817307692307691
10 0.7427884615384616 0.32572115384615385 0.05288461538461542 0.10817307692307693
10 0.7439903846153846 0.4278846153846154 0.060096153846153855 0.11057692307692307
10 0.7608173076923077 0.6526442307692308 0.06490384615384615 0.11778846153846156
5 0.48557692307692313 0.41225961538461536 0.06250000000000006 0.18509615384615385
1 0.6490384615384616 0.53125 0.0625 0.1490384615384615
3 0.4098557692307692 0.3293269230769231 0.060096153846153855 0.14423076923076927
3 0.3701923076923077 0.6454326923076923 0.06730769230769229 0.16586538461538458
2 0.23076923076923075 0.29086538461538464 0.08173076923076922 0.1971153846153846
1 0.3497596153846154 0.07932692307692307 0.05528846153846151 0.13942307692307693
6 0.2692307692307692 0.08293269230769232 0.05769230769230768 0.12740384615384615
6 0.20072115384615385 0.5360576923076923 0.06971153846153846 0.14423076923076916
4 0.26802884615384615 0.7800480769230769 0.060096153846153855 0.11298076923076927
4 0.31971153846153844 0.3389423076923077 0.05288461538461536 0.10576923076923078
4 0.42427884615384615 0.16947115384615385 0.05048076923076922 0.11298076923076923
4 0.49038461538461536 0.2536057692307693 0.04807692307692302 0.10817307692307693
4 0.39903846153846156 0.5288461538461539 0.05288461538461536 0.11538461538461542
4 0.4675480769230769 0.6610576923076923 0.055288461538461564 0.12019230769230771
