8 0.1454326923076923 0.39903846153846156 0.08413461538461539 0.2163461538461538
12 0.1766826923076923 0.06850961538461538 0.06490384615384617 0.13221153846153846
7 0.1670673076923077 0.1310096153846154 0.06490384615384617 0.15625
7 0.13221153846153846 0.671875 0.08173076923076923 0.1514423076923077
9 0.14903846153846154 0.546875 0.06730769230769229 0.14663461538461542
9 0.34134615384615385 0.3185096153846154 0.05769230769230771 0.14182692307692307
11 0.3317307692307693 0.1310096153846154 0.07211538461538464 0.18509615384615385
10 0.4050480769230769 0.0673076923076923 0.055288461538461564 0.11538461538461539
10 0.4098557692307692 0.23557692307692307 0.055288461538461564 0.1105769230769231
10 0.25841346153846156 0.14903846153846154 0.05048076923076922 0.11538461538461538
10 0.24879807692307693 0.33052884615384615 0.055288461538461564 0.11298076923076922
10 0.25240384615384615 0.4375 0.0625 0.11538461538461542
10 0.2403846153846154 0.6730769230769231 0.06730769230769235 0.1201923076923076
5 0.5216346153846154 0.4182692307692308 0.06730769230769235 0.1971153846153847
1 0.3557692307692308 0.546875 0.06730769230769229 0.15625
3 0.5985576923076923 0.3317307692307692 0.06730769230769229 0.15384615384615385
3 0.6490384615384616 0.6634615384615384 0.07211538461538458 0.17307692307692313
2 0.7836538461538461 0.2908653846153846 0.08653846153846145 0.20673076923076922
1 0.6526442307692308 0.07451923076923077 0.060096153846153855 0.1346153846153846
6 0.7379807692307693 0.0733173076923077 0.0625 0.12740384615384617
6 0.8233173076923077 0.5480769230769231 0.07451923076923084 0.15384615384615385
4 0.7608173076923077 0.8028846153846154 0.06490384615384615 0.12019230769230771
4 0.6923076923076923 0.34134615384615385 0.05288461538461542 0.11057692307692307
4 0.5769230769230769 0.16225961538461536 0.05288461538461531 0.11778846153846154
4 0.5132211538461539 0.25240384615384615 0.05048076923076922 0.11538461538461539
4 0.6153846153846154 0.5408653846153846 0.05769230769230771 0.12019230769230765
4 0.5480769230769231 0.6778846153846154 0.0576923076923076 0.125
