6 0.8677884615384616 0.8269230769230769 0.07692307692307687 0.13942307692307698
6 0.7331730769230769 0.09254807692307693 0.0576923076923076 0.11298076923076923
5 0.7103365384615385 0.4375 0.06971153846153844 0.17788461538461542
2 0.7776442307692308 0.31971153846153844 0.08413461538461531 0.20192307692307693
3 0.8269230769230769 0.5757211538461539 0.07692307692307698 0.13701923076923084
3 0.6057692307692307 0.3629807692307693 0.0625 0.13942307692307693
1 0.7439903846153846 0.171875 0.060096153846153855 0.14182692307692307
1 0.5144230769230769 0.35096153846153844 0.05288461538461536 0.14423076923076922
4 0.7560096153846154 0.828125 0.06490384615384615 0.11778846153846145
4 0.6850961538461539 0.36658653846153844 0.04807692307692313 0.10817307692307693
4 0.5697115384615384 0.19110576923076922 0.04807692307692313 0.11298076923076925
4 0.4963942307692308 0.0985576923076923 0.04567307692307698 0.10576923076923075
4 0.5060096153846154 0.2800480769230769 0.04567307692307693 0.1081730769230769
4 0.5300480769230769 0.47115384615384615 0.050480769230769273 0.11057692307692307
4 0.6021634615384615 0.5745192307692308 0.050480769230769273 0.11538461538461531
4 0.546875 0.7019230769230769 0.05528846153846145 0.125
8 0.14543269230769232 0.42307692307692313 0.07932692307692309 0.20192307692307693
9 0.3401442307692308 0.3497596153846154 0.06490384615384615 0.14182692307692307
9 0.14423076923076922 0.5721153846153846 0.07211538461538461 0.13942307692307698
12 0.34375 0.8161057692307692 0.07211538461538458 0.1466346153846153
12 0.17548076923076922 0.09615384615384615 0.05288461538461539 0.125
7 0.16346153846153846 0.1610576923076923 0.05769230769230771 0.14903846153846154
7 0.12980769230769232 0.6947115384615385 0.0673076923076923 0.14903846153846156
11 0.25721153846153844 0.23317307692307693 0.07211538461538464 0.17307692307692304
10 0.2548076923076923 0.1778846153846154 0.04326923076923078 0.11057692307692309
10 0.24519230769230768 0.3545673076923077 0.04807692307692307 0.10817307692307693
10 0.39903846153846156 0.09254807692307693 0.04807692307692307 0.10817307692307693
10 0.4050480769230769 0.2608173076923077 0.050480769230769273 0.11298076923076922
10 0.24519230769230768 0.46033653846153844 0.05288461538461536 0.10817307692307687
10 0.23677884615384615 0.6995192307692308 0.055288461538461536 0.11538461538461531
10 0.4483173076923077 0.8269230769230769 0.060096153846153855 0.1201923076923076
10 0.4254807692307693 0.5889423076923077 0.05288461538461536 0.11538461538461542
