6 0.15384615384615385 0.8016826923076923 0.07692307692307693 0.14182692307692313
6 0.27884615384615385 0.06009615384615385 0.05769230769230771 0.11057692307692309
5 0.3076923076923077 0.4110576923076923 0.06730769230769229 0.1826923076923077
2 0.23677884615384615 0.2860576923076923 0.08413461538461539 0.20673076923076925
3 0.19110576923076922 0.546875 0.07451923076923075 0.14182692307692313
3 0.41346153846153844 0.33653846153846156 0.0625 0.14423076923076922
1 0.2692307692307692 0.1358173076923077 0.05769230769230768 0.1466346153846154
1 0.5060096153846154 0.328125 0.05048076923076922 0.14663461538461542
4 0.2668269230769231 0.8064903846153846 0.0625 0.12259615384615385
4 0.3317307692307693 0.33653846153846156 0.04807692307692307 0.11057692307692307
4 0.44591346153846156 0.16225961538461536 0.04567307692307693 0.11778846153846154
4 0.5192307692307692 0.06971153846153846 0.043269230769230727 0.10576923076923077
4 0.5132211538461539 0.2548076923076923 0.04567307692307693 0.11057692307692307
4 0.49278846153846156 0.45072115384615385 0.04807692307692313 0.11298076923076922
4 0.421875 0.5552884615384616 0.050480769230769273 0.12019230769230771
4 0.4807692307692307 0.6875 0.05288461538461536 0.1298076923076923
8 0.8858173076923077 0.41466346153846156 0.07932692307692313 0.20913461538461542
9 0.6838942307692308 0.3317307692307693 0.060096153846153855 0.14423076923076922
9 0.8882211538461539 0.5661057692307692 0.07451923076923084 0.14182692307692302
12 0.6887019230769231 0.8088942307692307 0.06971153846153844 0.1514423076923077
12 0.8473557692307692 0.08173076923076922 0.055288461538461564 0.12499999999999999
7 0.8629807692307693 0.1454326923076923 0.05769230769230771 0.15144230769230768
7 0.9074519230769231 0.6935096153846154 0.06490384615384615 0.1514423076923077
11 0.7668269230769231 0.21634615384615385 0.07211538461538469 0.17788461538461542
10 0.7692307692307692 0.15985576923076922 0.043269230769230727 0.11298076923076925
10 0.78125 0.34134615384615385 0.04807692307692313 0.11057692307692307
10 0.6177884615384616 0.06971153846153846 0.04807692307692313 0.11057692307692307
10 0.6153846153846154 0.23798076923076922 0.04807692307692302 0.11538461538461539
10 0.7836538461538461 0.4483173076923077 0.05288461538461542 0.11298076923076922
10 0.7956730769230769 0.6935096153846154 0.0576923076923076 0.11778846153846156
10 0.5817307692307693 0.8173076923076923 0.05769230769230771 0.125
10 0.6009615384615384 0.5745192307692307 0.05288461538461542 0.12019230769230771
