6 0.8329326923076923 0.8365384615384615 0.08413461538461542 0.14423076923076927
6 0.7295673076923077 0.07692307692307693 0.060096153846153855 0.12019230769230771
5 0.6899038461538461 0.4338942307692308 0.07211538461538458 0.18509615384615385
2 0.7644230769230769 0.3112980769230769 0.09134615384615385 0.20913461538461542
3 0.8040865384615384 0.5769230769230769 0.07932692307692313 0.14423076923076927
3 0.5841346153846154 0.3545673076923077 0.06730769230769229 0.14663461538461536
1 0.7355769230769231 0.15745192307692307 0.0625 0.1466346153846154
1 0.4915865384615385 0.34134615384615385 0.055288461538461564 0.14903846153846156
4 0.7175480769230769 0.8377403846153846 0.06490384615384615 0.12259615384615385
4 0.6670673076923077 0.35697115384615385 0.05048076923076916 0.11298076923076922
4 0.5564903846153846 0.1766826923076923 0.050480769230769273 0.11778846153846154
4 0.484375 0.07932692307692307 0.05048076923076922 0.11057692307692307
4 0.4855769230769231 0.26802884615384615 0.04807692307692302 0.11298076923076925
4 0.5012019230769231 0.4675480769230769 0.050480769230769273 0.11298076923076927
4 0.5697115384615384 0.5745192307692307 0.05288461538461542 0.12019230769230771
4 0.5060096153846154 0.7067307692307693 0.060096153846153855 0.1298076923076923
8 0.10576923076923077 0.41466346153846156 0.08653846153846154 0.20913461538461542
9 0.3112980769230769 0.3389423076923077 0.06490384615384615 0.1490384615384615
9 0.09855769230769232 0.5673076923076923 0.07692307692307693 0.14423076923076916
12 0.2908653846153846 0.8221153846153846 0.07692307692307693 0.15384615384615385
12 0.15384615384615385 0.07572115384615384 0.05769230769230768 0.13221153846153846
7 0.13701923076923078 0.14182692307692307 0.06250000000000001 0.15384615384615385
7 0.07572115384615384 0.6959134615384616 0.06971153846153846 0.1514423076923077
11 0.23076923076923078 0.21754807692307693 0.0769230769230769 0.18028846153846156
10 0.23076923076923075 0.15985576923076922 0.04807692307692307 0.11298076923076925
10 0.2127403846153846 0.34375 0.05048076923076922 0.11057692307692313
10 0.3858173076923077 0.0733173076923077 0.05048076923076922 0.11298076923076925
10 0.38221153846153844 0.24879807692307693 0.05288461538461536 0.11778846153846156
10 0.2079326923076923 0.453125 0.055288461538461536 0.11298076923076922
10 0.1875 0.7019230769230769 0.0625 0.1201923076923076
10 0.39903846153846156 0.8341346153846154 0.0625 0.125
10 0.3870192307692308 0.5865384615384616 0.05769230769230771 0.12019230769230771
