2 0.23557692307692307 0.3016826923076923 0.08653846153846154 0.21874999999999997
6 0.43149038461538464 0.09375 0.060096153846153855 0.13461538461538464
1 0.49278846153846156 0.24038461538461536 0.07211538461538464 0.15865384615384612
4 0.3233173076923077 0.3485576923076923 0.05528846153846151 0.11538461538461536
4 0.39783653846153844 0.546875 0.0600961538461538 0.1225961538461538
4 0.46274038461538464 0.6706730769230769 0.060096153846153855 0.1298076923076924
4 0.5841346153846154 0.1923076923076923 0.05769230769230771 0.12019230769230768
3 0.65625 0.4495192307692308 0.07211538461538458 0.15384615384615385
3 0.7644230769230769 0.6514423076923077 0.07692307692307698 0.16346153846153844
9 0.7764423076923077 0.7980769230769231 0.07692307692307687 0.15384615384615385
12 0.8040865384615385 0.1045673076923077 0.06490384615384615 0.13221153846153846
11 0.65625 0.15985576923076922 0.06730769230769229 0.18028846153846154
8 0.8389423076923077 0.32091346153846156 0.08653846153846156 0.20432692307692307
7 0.5661057692307692 0.436298076923077 0.06490384615384615 0.16105769230769235
10 0.6538461538461539 0.3377403846153846 0.05288461538461542 0.11298076923076922
10 0.7259615384615384 0.18028846153846154 0.05769230769230771 0.11057692307692307
10 0.7439903846153846 0.34975961538461536 0.060096153846153855 0.12259615384615385
10 0.6526442307692308 0.5733173076923077 0.06971153846153844 0.12740384615384615
