2 0.2283653846153846 0.29927884615384615 0.08653846153846151 0.21875
6 0.43028846153846156 0.08774038461538462 0.057692307692307654 0.13221153846153846
1 0.4891826923076923 0.234375 0.06971153846153849 0.15625
4 0.3137019230769231 0.3449519230769231 0.055288461538461564 0.11778846153846156
4 0.3858173076923077 0.5456730769230769 0.060096153846153855 0.12499999999999994
4 0.4483173076923077 0.6670673076923077 0.060096153846153855 0.12740384615384615
4 0.5805288461538463 0.18509615384615385 0.060096153846153855 0.12019230769230768
3 0.6478365384615385 0.4435096153846154 0.07451923076923073 0.15625000000000006
3 0.7524038461538461 0.6442307692307692 0.07692307692307687 0.16346153846153844
9 0.7608173076923077 0.7920673076923077 0.07932692307692313 0.15625
12 0.8052884615384616 0.09375 0.06730769230769229 0.1298076923076923
11 0.6538461538461539 0.1502403846153846 0.06730769230769229 0.18028846153846154
8 0.8341346153846154 0.31009615384615385 0.08653846153846156 0.20673076923076922
7 0.5576923076923077 0.4302884615384615 0.0625 0.15865384615384615
10 0.6490384615384616 0.3317307692307693 0.05288461538461542 0.11538461538461536
10 0.7259615384615384 0.17067307692307693 0.05769230769230771 0.11057692307692307
10 0.7367788461538463 0.3425480769230769 0.060096153846153855 0.12259615384615385
10 0.6430288461538461 0.5673076923076923 0.06971153846153855 0.125
