2 0.2079326923076923 0.3112980769230769 0.09374999999999997 0.2331730769230769
6 0.4206730769230769 0.08413461538461539 0.0625 0.14423076923076922
1 0.48677884615384615 0.24278846153846154 0.07451923076923078 0.16826923076923078
4 0.3016826923076923 0.3605769230769231 0.060096153846153855 0.125
4 0.3858173076923077 0.5757211538461539 0.06490384615384615 0.13221153846153855
4 0.45552884615384615 0.7067307692307692 0.06490384615384615 0.13942307692307698
4 0.5841346153846154 0.1875 0.0625 0.1298076923076923
3 0.6622596153846154 0.4651442307692308 0.07932692307692302 0.1658653846153847
3 0.7788461538461539 0.6826923076923077 0.08173076923076916 0.17307692307692313
9 0.7920673076923077 0.8401442307692308 0.08413461538461542 0.1658653846153847
12 0.8233173076923077 0.09134615384615385 0.06971153846153844 0.13942307692307693
11 0.6610576923076923 0.1514423076923077 0.07211538461538458 0.19230769230769232
8 0.859375 0.32211538461538464 0.09375 0.22115384615384617
7 0.5661057692307692 0.453125 0.06971153846153844 0.17067307692307687
10 0.6610576923076923 0.3473557692307692 0.05769230769230771 0.12259615384615385
10 0.7379807692307693 0.17307692307692307 0.0625 0.1201923076923077
10 0.7560096153846154 0.3557692307692308 0.06490384615384615 0.1298076923076923
10 0.6598557692307692 0.5997596153846154 0.07451923076923073 0.13701923076923073
