3 0.40865384615384615 0.140625 0.05769230769230771 0.12740384615384615
3 0.5528846153846154 0.40504807692307687 0.05769230769230771 0.14182692307692307
1 0.2764423076923077 0.6262019230769231 0.06730769230769232 0.13701923076923073
1 0.23677884615384615 0.22716346153846154 0.060096153846153855 0.13701923076923078
2 0.20072115384615385 0.37620192307692313 0.07932692307692307 0.20432692307692307
6 0.14423076923076922 0.7427884615384615 0.07692307692307691 0.14903846153846156
6 0.41346153846153844 0.06971153846153846 0.05288461538461536 0.11538461538461538
5 0.3954326923076923 0.3028846153846154 0.060096153846153855 0.16826923076923078
4 0.3341346153846154 0.1514423076923077 0.04807692307692307 0.09615384615384617
4 0.31971153846153844 0.23918269230769232 0.04807692307692307 0.10336538461538464
4 0.28125 0.5168269230769231 0.05769230769230771 0.10096153846153844
4 0.2920673076923077 0.4098557692307693 0.05048076923076922 0.10336538461538464
4 0.3701923076923077 0.6298076923076923 0.05769230769230771 0.11538461538461542
4 0.3401442307692308 0.7548076923076923 0.055288461538461564 0.11538461538461542
4 0.48197115384615385 0.07451923076923077 0.04567307692307693 0.09615384615384615
4 0.48197115384615385 0.3137019230769231 0.04567307692307693 0.09855769230769229
7 0.6418269230769231 0.06610576923076923 0.0576923076923076 0.11298076923076922
8 0.8257211538461539 0.38341346153846156 0.07932692307692313 0.19951923076923078
7 0.8377403846153846 0.5060096153846154 0.06490384615384615 0.13701923076923073
11 0.8125 0.2956730769230769 0.07692307692307687 0.17788461538461542
12 0.734375 0.7644230769230769 0.06971153846153855 0.14423076923076927
12 0.7956730769230769 0.06971153846153846 0.0625 0.11057692307692307
9 0.828125 0.6189903846153846 0.07451923076923084 0.14663461538461542
9 0.6370192307692308 0.21033653846153846 0.05288461538461531 0.1322115384615385
10 0.5612980769230769 0.31490384615384615 0.050480769230769273 0.10576923076923078
10 0.5721153846153846 0.1502403846153846 0.05288461538461542 0.10817307692307691
10 0.7199519230769231 0.06850961538461538 0.04567307692307698 0.10817307692307691
10 0.71875 0.23677884615384615 0.04807692307692313 0.10336538461538458
10 0.7223557692307692 0.4254807692307692 0.050480769230769273 0.10096153846153844
10 0.7283653846153846 0.5324519230769231 0.05288461538461542 0.09855769230769235
10 0.7271634615384615 0.6334134615384616 0.055288461538461564 0.10817307692307687
10 0.5396634615384615 0.7487980769230769 0.055288461538461564 0.10817307692307698
