3 0.40384615384615385 0.11899038461538462 0.05769230769230771 0.13221153846153846
3 0.5600961538461539 0.38822115384615385 0.05769230769230771 0.14663461538461542
1 0.28365384615384615 0.6201923076923077 0.06730769230769229 0.13942307692307687
1 0.2283653846153846 0.20793269230769232 0.057692307692307654 0.14182692307692307
2 0.1971153846153846 0.3641826923076923 0.08173076923076922 0.20913461538461536
6 0.15144230769230768 0.7415865384615384 0.07692307692307691 0.1514423076923077
6 0.40625 0.054086538461538464 0.05288461538461542 0.10336538461538461
5 0.3954326923076923 0.2848557692307692 0.060096153846153855 0.17548076923076925
4 0.32692307692307687 0.12860576923076922 0.04807692307692307 0.09855769230769232
4 0.3161057692307693 0.22115384615384617 0.05048076923076922 0.10576923076923078
4 0.2848557692307692 0.5084134615384616 0.055288461538461564 0.10336538461538464
4 0.2932692307692307 0.39903846153846156 0.04807692307692307 0.10576923076923078
4 0.3810096153846154 0.6237980769230769 0.05528846153846151 0.11778846153846156
4 0.3533653846153846 0.7536057692307692 0.05288461538461536 0.11778846153846156
4 0.47596153846153844 0.05168269230769231 0.04807692307692307 0.0985576923076923
4 0.48197115384615385 0.2956730769230769 0.04567307692307693 0.10096153846153846
7 0.640625 0.04927884615384615 0.05528846153846145 0.0889423076923077
8 0.8413461538461539 0.3641826923076923 0.07692307692307687 0.20432692307692307
7 0.859375 0.4903846153846154 0.06490384615384626 0.13942307692307693
11 0.8245192307692308 0.2740384615384615 0.07692307692307698 0.18269230769230768
12 0.7596153846153846 0.7560096153846154 0.07211538461538458 0.14663461538461542
12 0.7992788461538463 0.051682692307692304 0.060096153846153855 0.09375
9 0.8521634615384615 0.6045673076923077 0.07451923076923073 0.1514423076923077
9 0.6418269230769231 0.1875 0.05288461538461531 0.13461538461538458
10 0.5661057692307692 0.296875 0.050480769230769273 0.1081730769230769
10 0.5721153846153846 0.12740384615384615 0.05288461538461542 0.11057692307692307
10 0.7199519230769231 0.051682692307692304 0.04567307692307698 0.09375
10 0.7259615384615384 0.2127403846153846 0.04807692307692313 0.10817307692307693
10 0.7367788461538461 0.4074519230769231 0.05528846153846145 0.10336538461538458
10 0.7463942307692308 0.5168269230769231 0.055288461538461564 0.10096153846153844
10 0.75 0.6225961538461539 0.05769230769230771 0.11057692307692313
10 0.5600961538461539 0.7439903846153846 0.05769230769230771 0.10817307692307698
