12 0.8040865384615385 0.10697115384615384 0.06971153846153844 0.13221153846153846
12 0.8040865384615385 0.10697115384615384 0.06971153846153844 0.13221153846153846
8 0.8413461538461537 0.4314903846153846 0.09134615384615385 0.22836538461538458
11 0.6538461538461539 0.16346153846153844 0.07211538461538458 0.18749999999999997
7 0.8197115384615384 0.17307692307692307 0.0625 0.15384615384615385
7 0.6454326923076923 0.4495192307692308 0.06971153846153844 0.15384615384615385
9 0.7776442307692307 0.8173076923076923 0.08894230769230771 0.17307692307692313
10 0.7295673076923077 0.18629807692307693 0.05048076923076916 0.12259615384615385
10 0.7451923076923077 0.36177884615384615 0.05769230769230771 0.11298076923076922
10 0.7475961538461539 0.46153846153846156 0.05769230769230771 0.125
10 0.6478365384615385 0.5877403846153846 0.06490384615384615 0.12259615384615385
2 0.22475961538461536 0.3112980769230769 0.08894230769230768 0.21875
3 0.5661057692307692 0.8064903846153846 0.07932692307692302 0.16586538461538458
1 0.3966346153846154 0.16826923076923078 0.05288461538461536 0.14423076923076922
3 0.5600961538461539 0.2620192307692307 0.06730769230769229 0.14423076923076922
6 0.4254807692307692 0.09134615384615384 0.05769230769230771 0.12980769230769232
6 0.4951923076923077 0.17427884615384615 0.0625 0.13701923076923078
4 0.5817307692307692 0.19591346153846154 0.04807692307692302 0.11298076923076922
4 0.2572115384615385 0.796875 0.06730769230769232 0.12259615384615374
4 0.3125 0.3557692307692307 0.05288461538461542 0.11057692307692307
4 0.3954326923076923 0.5564903846153846 0.05528846153846151 0.11778846153846156
4 0.46033653846153844 0.6838942307692308 0.0600961538461538 0.12259615384615385
