12 0.19591346153846156 0.08653846153846154 0.06971153846153846 0.1298076923076923
12 0.19591346153846156 0.08653846153846154 0.06971153846153846 0.1298076923076923
8 0.16706730769230768 0.40745192307692313 0.09374999999999999 0.22836538461538464
11 0.3473557692307692 0.14783653846153846 0.06971153846153844 0.18509615384615385
7 0.18269230769230768 0.1514423076923077 0.0625 0.14903846153846154
7 0.36177884615384615 0.4314903846153846 0.06971153846153844 0.15144230769230765
9 0.24038461538461536 0.7932692307692308 0.08653846153846154 0.17307692307692302
10 0.27283653846153844 0.16706730769230768 0.05048076923076922 0.12259615384615384
10 0.2608173076923077 0.34134615384615385 0.05528846153846151 0.11057692307692307
10 0.2608173076923077 0.4411057692307692 0.060096153846153855 0.12259615384615385
10 0.36177884615384615 0.5697115384615384 0.06490384615384615 0.12019230769230771
2 0.7776442307692307 0.3088942307692308 0.08894230769230771 0.2139423076923077
3 0.4483173076923077 0.7908653846153846 0.07932692307692307 0.16346153846153844
1 0.6033653846153846 0.1622596153846154 0.05288461538461542 0.14182692307692307
3 0.44350961538461536 0.24879807692307693 0.06490384615384615 0.14182692307692304
6 0.5733173076923077 0.08413461538461539 0.055288461538461564 0.1298076923076923
6 0.5048076923076923 0.16346153846153846 0.0625 0.13461538461538464
4 0.42067307692307687 0.18269230769230768 0.04807692307692307 0.11057692307692307
4 0.7572115384615384 0.7908653846153846 0.06730769230769229 0.12019230769230771
4 0.6923076923076923 0.3497596153846154 0.05288461538461542 0.10817307692307693
4 0.6141826923076923 0.548076923076923 0.055288461538461564 0.11538461538461536
4 0.5516826923076923 0.671875 0.060096153846153855 0.11778846153846145
