8 0.8485576923076923 0.33052884615384615 0.07692307692307687 0.2091346153846154
2 0.19591346153846154 0.34615384615384615 0.08413461538461536 0.20192307692307696
11 0.8293269230769231 0.23798076923076922 0.07211538461538469 0.18269230769230768
5 0.1971153846153846 0.2704326923076923 0.08173076923076922 0.17548076923076925
9 0.8665865384615384 0.5841346153846154 0.07932692307692313 0.14423076923076927
3 0.5625 0.3641826923076923 0.0625 0.14663461538461536
3 0.39783653846153844 0.0889423076923077 0.05528846153846151 0.14423076923076925
7 0.8689903846153846 0.4651442307692307 0.06490384615384615 0.14182692307692307
9 0.6382211538461539 0.15384615384615385 0.05528846153846145 0.14423076923076922
12 0.7776442307692308 0.7367788461538461 0.06971153846153844 0.14182692307692313
7 0.8233173076923077 0.15985576923076925 0.060096153846153855 0.14182692307692307
1 0.22956730769230768 0.1778846153846154 0.05528846153846151 0.13942307692307693
1 0.28725961538461536 0.6057692307692308 0.06490384615384615 0.13942307692307698
1 0.15264423076923078 0.7355769230769231 0.07932692307692309 0.1346153846153847
1 0.23317307692307693 0.040865384615384616 0.05288461538461542 0.08173076923076923
10 0.5697115384615384 0.7367788461538461 0.05769230769230771 0.11778846153846145
4 0.3846153846153846 0.6057692307692308 0.057692307692307654 0.11538461538461531
4 0.36177884615384615 0.7391826923076923 0.055288461538461564 0.11298076923076916
10 0.7620192307692307 0.49278846153846156 0.0625 0.11057692307692313
12 0.8028846153846154 0.026442307692307692 0.05288461538461542 0.052884615384615384
10 0.765625 0.6009615384615384 0.06490384615384626 0.11057692307692313
10 0.7463942307692308 0.3786057692307693 0.06490384615384615 0.10817307692307693
10 0.7199519230769231 0.03125 0.050480769230769273 0.0625
10 0.7283653846153846 0.1814903846153846 0.05288461538461542 0.10817307692307693
4 0.2848557692307692 0.4927884615384615 0.055288461538461564 0.10576923076923073
4 0.48197115384615385 0.265625 0.05048076923076922 0.1081730769230769
4 0.3076923076923077 0.1923076923076923 0.04807692307692307 0.10576923076923075
10 0.5697115384615384 0.09615384615384615 0.04807692307692313 0.10576923076923077
10 0.7403846153846154 0.27283653846153844 0.05288461538461542 0.10336538461538464
4 0.3173076923076923 0.10697115384615385 0.04807692307692307 0.0985576923076923
4 0.32091346153846156 0.03365384615384615 0.04567307692307693 0.0673076923076923
4 0.28966346153846156 0.3798076923076923 0.05528846153846151 0.11538461538461536
