8 0.17427884615384615 0.3605769230769231 0.06971153846153846 0.19711538461538458
2 0.7944711538461539 0.3581730769230769 0.07451923076923084 0.1923076923076923
11 0.1875 0.2716346153846154 0.06730769230769229 0.17307692307692307
5 0.7884615384615384 0.2848557692307693 0.07211538461538458 0.16586538461538464
9 0.17067307692307693 0.5997596153846154 0.07211538461538461 0.13701923076923073
3 0.4471153846153846 0.38341346153846156 0.057692307692307654 0.13701923076923078
3 0.5901442307692308 0.11899038461538461 0.050480769230769273 0.13701923076923078
7 0.1622596153846154 0.4879807692307693 0.060096153846153855 0.13461538461538464
9 0.3641826923076923 0.1875 0.05048076923076922 0.13461538461538458
12 0.2620192307692308 0.7403846153846154 0.0625 0.13461538461538458
7 0.18990384615384615 0.19591346153846156 0.05288461538461539 0.13221153846153846
1 0.7536057692307692 0.1983173076923077 0.050480769230769273 0.13221153846153846
1 0.7175480769230769 0.6045673076923077 0.060096153846153855 0.13221153846153844
1 0.8545673076923077 0.7247596153846154 0.07451923076923084 0.12740384615384615
1 0.7415865384615385 0.051682692307692304 0.050480769230769273 0.10336538461538461
10 0.4591346153846154 0.7355769230769231 0.05288461538461536 0.11057692307692302
4 0.6286057692307692 0.6069711538461539 0.055288461538461564 0.10817307692307687
4 0.65625 0.734375 0.05288461538461542 0.10817307692307687
10 0.265625 0.5120192307692307 0.060096153846153855 0.10576923076923078
12 0.203125 0.04807692307692308 0.05048076923076922 0.09615384615384616
10 0.2668269230769231 0.6129807692307692 0.0625 0.10576923076923073
10 0.27524038461538464 0.4026442307692307 0.06009615384615388 0.10336538461538464
10 0.28125 0.04927884615384615 0.043269230769230727 0.0985576923076923
10 0.2800480769230769 0.2139423076923077 0.050480769230769273 0.10096153846153846
4 0.7163461538461539 0.498798076923077 0.05288461538461542 0.10336538461538464
4 0.5192307692307692 0.28846153846153844 0.04807692307692302 0.10096153846153849
4 0.6802884615384615 0.2139423076923077 0.043269230769230727 0.10096153846153846
10 0.4278846153846154 0.1298076923076923 0.04326923076923078 0.10096153846153846
10 0.2764423076923077 0.3016826923076923 0.04807692307692307 0.09855769230769229
4 0.6670673076923077 0.13341346153846154 0.04567307692307687 0.09375
4 0.6598557692307692 0.046875 0.04086538461538469 0.09375
4 0.7067307692307692 0.390625 0.04807692307692302 0.10817307692307687
