11 0.2764423076923077 0.21995192307692307 0.06730769230769232 0.16586538461538458
8 0.1610576923076923 0.40865384615384615 0.07211538461538461 0.19711538461538458
9 0.35096153846153844 0.3293269230769231 0.0625 0.1298076923076923
9 0.15985576923076922 0.5444711538461539 0.06490384615384617 0.13701923076923084
12 0.3449519230769231 0.7776442307692308 0.06490384615384615 0.14182692307692302
12 0.19711538461538464 0.08774038461538462 0.05288461538461539 0.11778846153846154
7 0.1875 0.1502403846153846 0.05288461538461536 0.14182692307692307
7 0.14302884615384615 0.6658653846153846 0.06490384615384615 0.13942307692307698
1 0.359375 0.5420673076923077 0.060096153846153855 0.13701923076923084
10 0.27283653846153844 0.16466346153846154 0.04567307692307693 0.09375
10 0.25841346153846156 0.3389423076923077 0.04567307692307693 0.10576923076923078
10 0.25841346153846156 0.43870192307692313 0.05528846153846151 0.10817307692307693
10 0.24639423076923078 0.6694711538461539 0.055288461538461564 0.11298076923076916
10 0.44591346153846156 0.7908653846153846 0.05528846153846151 0.11538461538461542
10 0.43028846153846156 0.5600961538461539 0.05288461538461536 0.11057692307692313
10 0.41466346153846156 0.08653846153846154 0.04567307692307693 0.10096153846153848
10 0.41466346153846156 0.24278846153846156 0.04567307692307693 0.10096153846153846
3 0.6081730769230769 0.34134615384615385 0.05288461538461531 0.14423076923076922
3 0.6478365384615385 0.6610576923076923 0.06971153846153844 0.13461538461538458
6 0.8473557692307692 0.7872596153846154 0.07451923076923073 0.14182692307692302
2 0.7716346153846154 0.3004807692307693 0.08173076923076927 0.20192307692307693
6 0.7307692307692307 0.08653846153846154 0.05769230769230771 0.1201923076923077
1 0.6502403846153846 0.08052884615384615 0.055288461538461564 0.14182692307692307
5 0.5204326923076923 0.42427884615384615 0.0649038461538462 0.17548076923076916
4 0.7427884615384616 0.7824519230769231 0.05769230769230771 0.11298076923076927
4 0.5745192307692308 0.17548076923076922 0.043269230769230727 0.10576923076923077
4 0.5072115384615384 0.09134615384615384 0.04326923076923078 0.10096153846153846
4 0.5144230769230769 0.265625 0.04807692307692307 0.10336538461538461
4 0.6826923076923077 0.34375 0.04807692307692313 0.10096153846153844
4 0.5985576923076923 0.5456730769230769 0.05288461538461542 0.10576923076923073
4 0.5432692307692308 0.6658653846153846 0.05288461538461531 0.11538461538461542
