2 0.7379807692307692 0.5997596153846154 0.08173076923076927 0.2139423076923077
6 0.8533653846153846 0.7451923076923077 0.08173076923076927 0.15384615384615385
5 0.6189903846153846 0.2872596153846154 0.060096153846153855 0.17548076923076922
4 0.640625 0.5060096153846154 0.05528846153846145 0.10817307692307693
4 0.6983173076923077 0.2247596153846154 0.05048076923076916 0.10817307692307693
4 0.5360576923076923 0.29447115384615385 0.05769230769230771 0.11298076923076922
3 0.4567307692307692 0.38822115384615385 0.06730769230769229 0.13701923076923078
12 0.6574519230769231 0.7199519230769231 0.07451923076923073 0.13701923076923073
11 0.38341346153846156 0.28365384615384615 0.06971153846153849 0.16826923076923078
8 0.2848557692307692 0.35697115384615385 0.08894230769230768 0.18990384615384615
12 0.20552884615384615 0.1923076923076923 0.06490384615384615 0.1298076923076923
10 0.45552884615384615 0.28966346153846156 0.05048076923076922 0.10817307692307693
10 0.3846153846153846 0.1358173076923077 0.05288461538461536 0.10336538461538461
10 0.3076923076923077 0.04927884615384615 0.05288461538461536 0.0985576923076923
10 0.27403846153846156 0.6009615384615384 0.06250000000000003 0.11538461538461542
