6 0.5877403846153846 0.06490384615384616 0.055288461538461564 0.11057692307692307
2 0.7896634615384616 0.3713942307692308 0.07932692307692313 0.19471153846153844
6 0.8413461538461539 0.7271634615384616 0.07211538461538458 0.1514423076923077
1 0.6213942307692308 0.5024038461538461 0.050480769230769273 0.13942307692307687
5 0.5973557692307692 0.296875 0.06971153846153844 0.17548076923076925
4 0.6634615384615384 0.14302884615384615 0.04807692307692313 0.10817307692307691
4 0.6778846153846154 0.22716346153846154 0.04807692307692302 0.10817307692307693
4 0.6983173076923077 0.40384615384615385 0.05048076923076916 0.11538461538461542
4 0.7055288461538463 0.5096153846153846 0.060096153846153855 0.10576923076923078
4 0.6430288461538463 0.7391826923076923 0.060096153846153855 0.12259615384615385
4 0.5204326923076923 0.06850961538461539 0.04086538461538458 0.11298076923076923
4 0.515625 0.3028846153846154 0.05048076923076922 0.11057692307692307
3 0.5865384615384616 0.13341346153846154 0.05769230769230771 0.13701923076923078
3 0.4411057692307692 0.39783653846153844 0.06490384615384615 0.14182692307692307
9 0.3653846153846154 0.1971153846153846 0.057692307692307654 0.14423076923076922
11 0.3629807692307692 0.2956730769230769 0.0625 0.17307692307692304
8 0.16826923076923078 0.3605769230769231 0.07211538461538461 0.19711538461538458
7 0.15985576923076922 0.4879807692307693 0.06490384615384617 0.14423076923076922
12 0.2536057692307692 0.7415865384615385 0.06971153846153844 0.13701923076923073
12 0.20432692307692307 0.054086538461538464 0.0625 0.10817307692307693
9 0.1658653846153846 0.6021634615384616 0.07692307692307693 0.14182692307692313
10 0.27283653846153844 0.4098557692307693 0.06009615384615383 0.10817307692307693
10 0.2644230769230769 0.5132211538461539 0.05769230769230771 0.10336538461538458
10 0.2620192307692308 0.6165865384615385 0.05769230769230771 0.11298076923076927
10 0.28365384615384615 0.05769230769230769 0.05288461538461542 0.10576923076923077
10 0.28846153846153844 0.21875 0.05288461538461536 0.10576923076923075
10 0.43509615384615385 0.3016826923076923 0.04807692307692307 0.10817307692307693
10 0.4471153846153846 0.7403846153846154 0.06730769230769235 0.125
