6 0.14182692307692307 0.7319711538461539 0.08173076923076922 0.1610576923076923
2 0.17908653846153846 0.484375 0.09375 0.20913461538461542
5 0.3954326923076923 0.28365384615384615 0.06490384615384615 0.1778846153846154
4 0.3161057692307693 0.21995192307692307 0.05048076923076922 0.11298076923076925
4 0.28966346153846156 0.3966346153846154 0.05528846153846151 0.11057692307692307
4 0.3653846153846154 0.49759615384615385 0.057692307692307654 0.11057692307692313
4 0.47596153846153844 0.04927884615384615 0.03846153846153849 0.0985576923076923
4 0.47596153846153844 0.2908653846153846 0.05288461538461536 0.10576923076923078
3 0.5504807692307693 0.3810096153846154 0.06730769230769229 0.14182692307692307
9 0.48918269230769235 0.12139423076923077 0.055288461538461564 0.13701923076923075
7 0.546875 0.5913461538461539 0.060096153846153744 0.14903846153846145
8 0.7295673076923077 0.35216346153846156 0.07932692307692313 0.19951923076923078
11 0.6346153846153846 0.2776442307692308 0.0625 0.18509615384615385
9 0.6370192307692307 0.47836538461538464 0.06730769230769229 0.14903846153846156
12 0.7944711538461539 0.04447115384615385 0.05528846153846145 0.0889423076923077
10 0.7175480769230769 0.04447115384615385 0.050480769230769273 0.0889423076923077
10 0.7139423076923077 0.19831730769230768 0.05288461538461542 0.10817307692307693
10 0.5576923076923077 0.2860576923076923 0.04807692307692313 0.10096153846153849
10 0.5420673076923077 0.7295673076923077 0.06490384615384615 0.11298076923076916
10 0.7295673076923077 0.6033653846153846 0.060096153846153855 0.11057692307692302
12 0.7355769230769231 0.734375 0.08173076923076927 0.14182692307692313
