6 0.8557692307692308 0.6995192307692308 0.08173076923076927 0.16346153846153844
2 0.8197115384615385 0.45072115384615385 0.09134615384615385 0.2139423076923077
5 0.6033653846153846 0.25841346153846156 0.06730769230769229 0.1802884615384615
4 0.6838942307692308 0.19110576923076922 0.050480769230769273 0.11298076923076925
4 0.7079326923076923 0.3689903846153846 0.055288461538461564 0.11298076923076922
4 0.6322115384615384 0.4735576923076923 0.05769230769230771 0.11538461538461536
4 0.5240384615384615 0.039663461538461536 0.038461538461538436 0.07932692307692307
4 0.5204326923076923 0.2716346153846154 0.05048076923076916 0.10576923076923078
3 0.44471153846153844 0.36778846153846156 0.06730769230769235 0.14423076923076922
9 0.5096153846153846 0.09975961538461539 0.057692307692307654 0.14182692307692307
7 0.4483173076923077 0.578125 0.060096153846153855 0.1514423076923077
8 0.265625 0.3473557692307692 0.0793269230769231 0.2043269230769231
11 0.3605769230769231 0.2668269230769231 0.0625 0.1875
9 0.35697115384615385 0.46754807692307687 0.06490384615384615 0.15144230769230765
12 0.20072115384615385 0.04326923076923077 0.055288461538461536 0.08653846153846154
10 0.2776442307692307 0.039663461538461536 0.05048076923076922 0.07932692307692307
10 0.28125 0.19110576923076922 0.05288461538461542 0.1081730769230769
10 0.43870192307692313 0.27283653846153844 0.04567307692307693 0.10336538461538464
10 0.4519230769230769 0.71875 0.0625 0.11538461538461542
10 0.26322115384615385 0.5997596153846154 0.060096153846153855 0.11298076923076927
12 0.25600961538461536 0.7331730769230769 0.08413461538461539 0.14423076923076927
