6 0.13221153846153846 0.7295673076923077 0.08173076923076923 0.15625
2 0.17307692307692307 0.4879807692307693 0.09615384615384615 0.20673076923076922
5 0.390625 0.2908653846153846 0.06971153846153844 0.17307692307692307
4 0.3125 0.22596153846153846 0.05288461538461542 0.11057692307692307
4 0.2860576923076923 0.4002403846153846 0.05769230769230771 0.10817307692307693
4 0.35697115384615385 0.5012019230769231 0.060096153846153855 0.10817307692307693
4 0.47596153846153844 0.05889423076923077 0.03846153846153849 0.09855769230769232
4 0.47115384615384615 0.29927884615384615 0.05288461538461542 0.10336538461538458
3 0.5432692307692307 0.390625 0.06730769230769229 0.13701923076923073
9 0.485576923076923 0.1310096153846154 0.057692307692307654 0.13701923076923078
7 0.5348557692307692 0.5997596153846154 0.06490384615384615 0.14663461538461542
8 0.7211538461538461 0.3653846153846154 0.08173076923076916 0.19711538461538464
11 0.6262019230769231 0.28846153846153844 0.06490384615384615 0.18269230769230768
9 0.6274038461538461 0.48677884615384615 0.06730769230769229 0.14663461538461542
12 0.7908653846153846 0.052884615384615384 0.05769230769230771 0.10576923076923077
10 0.7151442307692308 0.052884615384615384 0.050480769230769273 0.10096153846153845
10 0.7079326923076923 0.2139423076923077 0.055288461538461564 0.10576923076923075
10 0.5504807692307692 0.296875 0.04807692307692302 0.09855769230769229
10 0.5288461538461539 0.7355769230769231 0.0625 0.11057692307692302
10 0.7163461538461539 0.6129807692307692 0.0625 0.11057692307692302
12 0.7199519230769231 0.7427884615384616 0.08413461538461531 0.13942307692307687
