1 0.7439903846153846 0.16586538461538464 0.050480769230769273 0.12980769230769232
1 0.5300480769230769 0.3329326923076923 0.050480769230769273 0.1322115384615385
5 0.7175480769230769 0.4206730769230769 0.055288461538461564 0.16826923076923073
3 0.7764423076923077 0.30528846153846156 0.07692307692307687 0.18750000000000003
6 0.8701923076923077 0.7932692307692308 0.07692307692307687 0.13942307692307698
6 0.7271634615384615 0.09254807692307691 0.055288461538461564 0.11778846153846154
3 0.828125 0.5552884615384616 0.07451923076923084 0.13461538461538464
4 0.6911057692307692 0.3497596153846154 0.04567307692307698 0.10336538461538464
3 0.6129807692307693 0.35096153846153844 0.0625 0.13942307692307693
4 0.6574519230769231 0.10096153846153846 0.04567307692307698 0.10096153846153845
4 0.5805288461538461 0.18389423076923078 0.04567307692307687 0.10336538461538461
4 0.5204326923076923 0.26802884615384615 0.04567307692307687 0.10336538461538458
4 0.5384615384615384 0.4543269230769231 0.05288461538461542 0.10576923076923073
4 0.7620192307692308 0.7908653846153846 0.05288461538461531 0.11538461538461542
4 0.6117788461538461 0.5528846153846154 0.05048076923076916 0.11057692307692302
4 0.5588942307692308 0.6730769230769231 0.055288461538461564 0.11057692307692302
9 0.359375 0.3329326923076923 0.060096153846153855 0.1322115384615385
12 0.3653846153846154 0.7824519230769231 0.06730769230769235 0.13701923076923073
12 0.20072115384615385 0.09375 0.050480769230769246 0.11538461538461538
7 0.18990384615384615 0.15264423076923078 0.05769230769230768 0.14182692307692307
7 0.15745192307692307 0.6646634615384616 0.06971153846153848 0.14182692307692313
8 0.17307692307692307 0.4110576923076923 0.07692307692307693 0.19711538461538458
10 0.42427884615384615 0.2512019230769231 0.04567307692307693 0.10336538461538458
11 0.27884615384615385 0.2247596153846154 0.07211538461538461 0.16586538461538464
10 0.4158653846153846 0.09134615384615384 0.04326923076923078 0.10096153846153846
10 0.2764423076923077 0.1670673076923077 0.04326923076923078 0.09855769230769232
10 0.26802884615384615 0.3425480769230769 0.050480769230769246 0.10336538461538458
10 0.2704326923076923 0.43990384615384615 0.055288461538461536 0.11057692307692307
10 0.2644230769230769 0.6706730769230769 0.048076923076923045 0.10096153846153844
10 0.44471153846153844 0.5588942307692308 0.04807692307692307 0.11778846153846156
10 0.4675480769230769 0.7944711538461539 0.060096153846153855 0.10817307692307687
