1 0.7536057692307692 0.14903846153846154 0.055288461538461564 0.13461538461538464
1 0.5216346153846154 0.32091346153846156 0.05288461538461542 0.13701923076923078
5 0.7115384615384616 0.4122596153846154 0.05769230769230771 0.17067307692307693
3 0.7800480769230769 0.29447115384615385 0.07932692307692302 0.19471153846153846
6 0.8497596153846154 0.7980769230769231 0.07932692307692302 0.14423076923076927
6 0.7391826923076923 0.07091346153846154 0.055288461538461564 0.12259615384615385
3 0.8221153846153846 0.5528846153846154 0.07692307692307698 0.13942307692307693
4 0.6887019230769231 0.3401442307692307 0.04567307692307698 0.10817307692307693
3 0.6069711538461537 0.3401442307692307 0.06490384615384615 0.14182692307692307
4 0.6646634615384616 0.08052884615384616 0.04567307692307687 0.10336538461538461
4 0.5817307692307692 0.1658653846153846 0.04807692307692302 0.10576923076923077
4 0.5144230769230769 0.2548076923076923 0.04807692307692307 0.11057692307692307
4 0.5252403846153846 0.4471153846153846 0.055288461538461564 0.11057692307692307
4 0.7415865384615385 0.796875 0.055288461538461564 0.11778846153846145
4 0.5961538461538461 0.5492788461538461 0.05288461538461542 0.11298076923076916
4 0.5348557692307692 0.6754807692307692 0.060096153846153855 0.11538461538461531
9 0.3449519230769231 0.32091346153846156 0.060096153846153855 0.13701923076923078
12 0.3293269230769231 0.7872596153846154 0.07211538461538458 0.14182692307692302
12 0.18990384615384615 0.0733173076923077 0.05288461538461539 0.12259615384615384
7 0.1766826923076923 0.1346153846153846 0.06009615384615383 0.14903846153846154
7 0.11899038461538462 0.6646634615384616 0.06971153846153846 0.14663461538461542
8 0.14783653846153846 0.4026442307692307 0.07932692307692307 0.20432692307692307
10 0.4158653846153846 0.23677884615384615 0.04807692307692307 0.10817307692307696
11 0.2668269230769231 0.2091346153846154 0.07692307692307696 0.17307692307692307
10 0.41466346153846156 0.07091346153846154 0.04567307692307693 0.10336538461538461
10 0.265625 0.14903846153846154 0.0456730769230769 0.10096153846153848
10 0.25 0.3317307692307693 0.05288461538461539 0.10576923076923078
10 0.24879807692307693 0.4338942307692307 0.055288461538461564 0.11298076923076922
10 0.22956730769230768 0.6706730769230769 0.05048076923076922 0.10576923076923073
10 0.421875 0.5564903846153846 0.050480769230769273 0.12259615384615385
10 0.4362980769230769 0.7992788461538461 0.060096153846153855 0.11298076923076916
