6 0.41947115384615385 0.057692307692307696 0.060096153846153855 0.09615384615384615
6 0.15865384615384615 0.7524038461538461 0.08173076923076925 0.14903846153846145
2 0.21514423076923078 0.3641826923076923 0.09855769230769232 0.2139423076923077
5 0.4158653846153846 0.29086538461538464 0.07692307692307693 0.18750000000000003
4 0.3389423076923077 0.12740384615384615 0.04807692307692307 0.11538461538461539
4 0.328125 0.21875 0.04567307692307687 0.11538461538461539
4 0.3064903846153846 0.4050480769230769 0.05528846153846151 0.11298076923076927
4 0.29927884615384615 0.516826923076923 0.055288461538461564 0.11538461538461536
4 0.5024038461538461 0.3004807692307692 0.05288461538461542 0.1105769230769231
4 0.4963942307692308 0.05889423076923077 0.050480769230769273 0.09375
3 0.41947115384615385 0.11658653846153846 0.05048076923076922 0.14182692307692307
3 0.5829326923076923 0.4026442307692308 0.06971153846153844 0.1514423076923077
7 0.7884615384615384 0.7836538461538461 0.07211538461538458 0.14903846153846145
7 0.8882211538461539 0.5108173076923077 0.07451923076923084 0.1514423076923077
12 0.8305288461538461 0.0625 0.06971153846153855 0.08653846153846154
8 0.8713942307692308 0.37740384615384615 0.08413461538461531 0.21634615384615385
11 0.6694711538461539 0.3004807692307692 0.08413461538461542 0.18269230769230768
9 0.6634615384615384 0.18870192307692307 0.05769230769230771 0.1466346153846154
9 0.8822115384615385 0.6310096153846154 0.08173076923076927 0.15625
10 0.5877403846153846 0.3064903846153846 0.050480769230769273 0.11298076923076922
10 0.7475961538461539 0.05889423076923077 0.05288461538461542 0.08413461538461539
10 0.7463942307692308 0.21514423076923078 0.055288461538461564 0.11778846153846156
10 0.7776442307692308 0.6442307692307693 0.07451923076923073 0.125
10 0.5817307692307693 0.765625 0.06730769230769229 0.12740384615384626
