6 0.5865384615384616 0.06129807692307692 0.05769230769230771 0.11298076923076923
6 0.8197115384615384 0.7247596153846154 0.07692307692307687 0.14182692307692302
2 0.7728365384615384 0.36177884615384615 0.09375 0.19951923076923078
5 0.5877403846153846 0.28966346153846156 0.07451923076923073 0.17067307692307693
4 0.6610576923076923 0.13701923076923078 0.04807692307692313 0.10576923076923075
4 0.671875 0.22355769230769232 0.04567307692307687 0.10576923076923078
4 0.6862980769230769 0.39903846153846156 0.055288461538461564 0.10576923076923078
4 0.6923076923076923 0.5024038461538461 0.05288461538461542 0.10576923076923078
4 0.5060096153846154 0.296875 0.05048076923076922 0.10336538461538461
4 0.5168269230769231 0.06370192307692309 0.04807692307692302 0.10336538461538462
3 0.5853365384615385 0.12620192307692307 0.050480769230769273 0.13221153846153846
3 0.43028846153846156 0.39302884615384615 0.06730769230769235 0.14182692307692307
7 0.23317307692307693 0.7427884615384616 0.07211538461538461 0.13942307692307687
7 0.14302884615384615 0.4879807692307693 0.06971153846153846 0.13942307692307693
12 0.203125 0.054086538461538464 0.06490384615384615 0.10817307692307693
8 0.16105769230769232 0.3629807692307693 0.08173076923076923 0.20192307692307693
11 0.35096153846153844 0.2956730769230769 0.08173076923076922 0.16826923076923075
9 0.3581730769230769 0.18990384615384615 0.05769230769230771 0.13461538461538458
9 0.14903846153846154 0.5997596153846154 0.07692307692307693 0.14182692307692302
10 0.4254807692307693 0.3016826923076923 0.04807692307692307 0.10336538461538464
10 0.28125 0.05528846153846154 0.05288461538461542 0.10576923076923077
10 0.2800480769230769 0.21394230769230768 0.055288461538461564 0.11057692307692307
10 0.24399038461538464 0.6129807692307692 0.06971153846153846 0.11538461538461531
10 0.42427884615384615 0.7307692307692308 0.06490384615384615 0.11538461538461531
