6 0.6009615384615384 0.06009615384615385 0.05769230769230771 0.11538461538461538
6 0.8822115384615385 0.7367788461538461 0.08173076923076927 0.14182692307692313
2 0.8088942307692307 0.36658653846153844 0.09855769230769229 0.20432692307692307
5 0.6165865384615385 0.2932692307692307 0.07451923076923073 0.17788461538461536
4 0.6802884615384616 0.13942307692307693 0.04807692307692313 0.10576923076923078
4 0.6971153846153846 0.22716346153846154 0.04807692307692302 0.10817307692307693
4 0.7247596153846154 0.40384615384615385 0.055288461538461564 0.10576923076923078
4 0.7379807692307692 0.5108173076923077 0.05288461538461531 0.10817307692307693
4 0.53125 0.3004807692307693 0.05288461538461542 0.10576923076923078
4 0.5288461538461539 0.0625 0.04807692307692313 0.10576923076923078
3 0.6033653846153846 0.12620192307692307 0.05288461538461542 0.13221153846153846
3 0.46153846153846156 0.3966346153846154 0.06730769230769235 0.14423076923076922
7 0.28365384615384615 0.7560096153846154 0.07211538461538458 0.14182692307692302
7 0.17427884615384615 0.4951923076923077 0.07451923076923075 0.13942307692307693
12 0.20913461538461536 0.055288461538461536 0.06730769230769232 0.11057692307692307
8 0.18509615384615385 0.36778846153846156 0.08653846153846154 0.20673076923076922
11 0.3737980769230769 0.2980769230769231 0.08413461538461542 0.1730769230769231
9 0.375 0.19230769230769232 0.05769230769230771 0.13942307692307693
9 0.18629807692307693 0.609375 0.07932692307692307 0.14663461538461542
10 0.45192307692307687 0.30528846153846156 0.04807692307692307 0.10576923076923078
10 0.2872596153846154 0.054086538461538464 0.05528846153846151 0.10817307692307693
10 0.296875 0.21514423076923075 0.055288461538461564 0.11298076923076922
10 0.2860576923076923 0.6237980769230769 0.07211538461538464 0.11778846153846156
10 0.4771634615384615 0.7427884615384616 0.06971153846153844 0.12019230769230771
