5 0.6165865384615385 0.28966346153846156 0.060096153846153855 0.17548076923076922
9 0.5300480769230769 0.12740384615384615 0.06490384615384615 0.14903846153846154
11 0.38341346153846156 0.2824519230769231 0.06971153846153849 0.18990384615384615
8 0.28725961538461536 0.3581730769230769 0.06490384615384615 0.19711538461538458
10 0.4567307692307693 0.2932692307692308 0.04807692307692307 0.10576923076923075
10 0.38822115384615385 0.13822115384615385 0.05048076923076922 0.11298076923076923
10 0.2776442307692308 0.6045673076923077 0.060096153846153855 0.12259615384615385
10 0.3064903846153846 0.04927884615384615 0.05048076923076922 0.0985576923076923
12 0.2091346153846154 0.19471153846153844 0.0625 0.12499999999999997
12 0.6538461538461539 0.71875 0.07211538461538458 0.14423076923076916
3 0.46033653846153844 0.390625 0.0649038461538462 0.14663461538461542
6 0.8545673076923077 0.7379807692307692 0.06971153846153844 0.13942307692307698
2 0.7379807692307692 0.5913461538461539 0.08173076923076927 0.20192307692307693
4 0.640625 0.5060096153846154 0.05528846153846145 0.11298076923076922
4 0.5348557692307692 0.296875 0.050480769230769273 0.1081730769230769
4 0.6995192307692308 0.2283653846153846 0.04807692307692302 0.10576923076923078
