2 0.21634615384615383 0.3028846153846154 0.08173076923076922 0.20673076923076922
6 0.18389423076923078 0.5420673076923077 0.07451923076923075 0.14182692307692313
6 0.25 0.08052884615384616 0.05769230769230771 0.13221153846153846
3 0.3942307692307692 0.3425480769230769 0.0625 0.14663461538461542
3 0.3545673076923077 0.6730769230769231 0.07451923076923078 0.15865384615384615
4 0.25 0.8052884615384616 0.0625 0.12019230769230771
5 0.4735576923076923 0.4338942307692308 0.07211538461538458 0.18028846153846156
4 0.4110576923076923 0.17427884615384615 0.05288461538461536 0.11778846153846154
4 0.3016826923076923 0.35216346153846156 0.05048076923076922 0.11298076923076922
4 0.3870192307692308 0.5540865384615385 0.05769230769230771 0.11778846153846156
4 0.453125 0.6850961538461539 0.050480769230769273 0.11538461538461542
4 0.4783653846153846 0.26802884615384615 0.05288461538461536 0.10817307692307696
1 0.3329326923076923 0.07451923076923077 0.05528846153846151 0.14423076923076925
1 0.6430288461538463 0.5528846153846154 0.06490384615384615 0.15384615384615385
11 0.6514423076923077 0.14783653846153846 0.06730769230769229 0.1802884615384615
8 0.84375 0.4170673076923077 0.09134615384615374 0.2139423076923077
9 0.7716346153846154 0.8137019230769231 0.07211538461538458 0.1610576923076924
12 0.8064903846153846 0.08533653846153846 0.055288461538461564 0.13221153846153844
7 0.8149038461538461 0.1502403846153846 0.05769230769230771 0.1514423076923077
7 0.8689903846153846 0.6826923076923077 0.07451923076923073 0.15865384615384615
9 0.6490384615384616 0.33653846153846156 0.06730769230769229 0.1490384615384615
10 0.5817307692307692 0.0829326923076923 0.05288461538461531 0.11298076923076923
10 0.5793269230769231 0.24759615384615385 0.05288461538461531 0.11538461538461542
10 0.7259615384615384 0.1670673076923077 0.05288461538461542 0.11298076923076925
10 0.7451923076923077 0.34495192307692313 0.05288461538461542 0.10817307692307693
10 0.7451923076923077 0.4495192307692307 0.05769230769230771 0.12019230769230765
10 0.7572115384615384 0.6838942307692308 0.05769230769230771 0.11778846153846156
