2 0.21875 0.3028846153846154 0.08173076923076925 0.20673076923076922
6 0.17908653846153846 0.5372596153846154 0.07451923076923078 0.13701923076923073
6 0.2548076923076923 0.08653846153846154 0.05769230769230768 0.1298076923076923
3 0.3918269230769231 0.34615384615384615 0.0625 0.14423076923076922
3 0.3425480769230769 0.6670673076923077 0.07451923076923073 0.15625
4 0.23557692307692307 0.7956730769230769 0.0625 0.1201923076923076
5 0.46634615384615385 0.4362980769230769 0.07211538461538458 0.18028846153846156
4 0.41346153846153844 0.1814903846153846 0.05288461538461536 0.11778846153846155
4 0.3004807692307693 0.35216346153846156 0.04807692307692307 0.11298076923076922
4 0.37740384615384615 0.5528846153846154 0.05769230769230771 0.11538461538461542
4 0.4387019230769231 0.6826923076923077 0.050480769230769273 0.11538461538461542
4 0.4735576923076923 0.27283653846153844 0.05288461538461536 0.10817307692307693
1 0.3377403846153846 0.08293269230769232 0.05528846153846151 0.14182692307692307
1 0.6286057692307692 0.5576923076923077 0.06490384615384615 0.1538461538461538
11 0.6478365384615385 0.1610576923076923 0.06490384615384615 0.1778846153846154
8 0.828125 0.42908653846153844 0.08894230769230771 0.20913461538461536
9 0.7475961538461539 0.8149038461538463 0.07211538461538458 0.15865384615384615
12 0.8016826923076923 0.10336538461538462 0.055288461538461564 0.12980769230769232
7 0.8088942307692308 0.1670673076923077 0.055288461538461564 0.1466346153846154
7 0.8473557692307692 0.6899038461538463 0.07451923076923073 0.15384615384615385
9 0.6394230769230769 0.3449519230769231 0.0673076923076924 0.14663461538461542
10 0.5817307692307692 0.09615384615384615 0.05288461538461531 0.11057692307692307
10 0.5757211538461539 0.25721153846153844 0.05048076923076916 0.11538461538461536
10 0.7211538461538461 0.18269230769230768 0.05288461538461542 0.11057692307692307
10 0.7331730769230769 0.35697115384615385 0.05288461538461531 0.10817307692307693
10 0.7307692307692307 0.4603365384615385 0.05769230769230771 0.11778846153846156
10 0.7379807692307693 0.6887019230769231 0.05769230769230771 0.11778846153846156
