3 0.46153846153846156 0.38822115384615385 0.057692307692307654 0.13221153846153844
6 0.8533653846153846 0.7427884615384615 0.07211538461538458 0.14423076923076927
2 0.7379807692307692 0.5961538461538461 0.08173076923076927 0.20192307692307687
5 0.6141826923076923 0.2908653846153846 0.06490384615384615 0.17307692307692307
4 0.6971153846153846 0.22596153846153846 0.04807692307692302 0.11057692307692307
4 0.6382211538461539 0.5060096153846154 0.05528846153846145 0.11298076923076922
4 0.5348557692307692 0.296875 0.050480769230769273 0.10336538461538461
4 0.5504807692307692 0.41466346153846156 0.05288461538461531 0.11778846153846151
9 0.5288461538461539 0.12860576923076925 0.05288461538461542 0.14182692307692307
11 0.38341346153846156 0.2824519230769231 0.0649038461538462 0.18028846153846154
8 0.28846153846153844 0.359375 0.07211538461538464 0.19951923076923073
10 0.45432692307692313 0.2932692307692308 0.04807692307692307 0.10576923076923075
10 0.3064903846153846 0.04927884615384615 0.05048076923076922 0.0985576923076923
10 0.3064903846153846 0.20432692307692307 0.05048076923076922 0.10576923076923075
10 0.27884615384615385 0.5997596153846154 0.05288461538461542 0.12259615384615385
12 0.2271634615384615 0.04567307692307692 0.06009615384615383 0.09134615384615384
12 0.65625 0.7235576923076923 0.06730769230769229 0.13942307692307687
