1 0.5985576923076923 0.1454326923076923 0.0625 0.1466346153846154
2 0.7692307692307692 0.2860576923076923 0.09615384615384615 0.21634615384615383
6 0.5108173076923077 0.23677884615384615 0.06971153846153844 0.12740384615384615
3 0.42908653846153844 0.24158653846153846 0.06971153846153849 0.13701923076923078
3 0.41466346153846156 0.7884615384615385 0.08413461538461536 0.16346153846153844
4 0.7259615384615384 0.7860576923076923 0.07211538461538458 0.13942307692307687
6 0.5685096153846154 0.06610576923076923 0.06490384615384615 0.13221153846153846
4 0.6778846153846154 0.3341346153846154 0.0625 0.11538461538461536
4 0.5240384615384616 0.6706730769230769 0.0625 0.125
4 0.59375 0.5360576923076923 0.06730769230769229 0.125
4 0.48677884615384615 0.15865384615384615 0.05528846153846151 0.11538461538461539
4 0.4098557692307693 0.1670673076923077 0.05048076923076922 0.11778846153846154
8 0.140625 0.40865384615384615 0.09375 0.2163461538461539
11 0.3377403846153846 0.1346153846153846 0.06971153846153849 0.1826923076923077
9 0.20432692307692307 0.7992788461538461 0.09134615384615385 0.16586538461538458
12 0.18629807692307693 0.07692307692307693 0.06490384615384615 0.1298076923076923
7 0.171875 0.14182692307692307 0.06490384615384615 0.15384615384615385
7 0.3389423076923077 0.4254807692307692 0.06730769230769229 0.14903846153846156
10 0.4074519230769231 0.0733173076923077 0.055288461538461564 0.11298076923076925
10 0.2608173076923077 0.15625 0.05528846153846151 0.11057692307692307
10 0.2427884615384615 0.3377403846153846 0.05769230769230768 0.11778846153846151
10 0.24038461538461536 0.4387019230769231 0.06249999999999997 0.12259615384615385
10 0.33413461538461536 0.5649038461538461 0.0625 0.125
