5 0.7884615384615384 0.27524038461538464 0.07211538461538458 0.16105769230769232
2 0.7920673076923077 0.34975961538461536 0.07451923076923084 0.18990384615384615
1 0.8137019230769231 0.4771634615384615 0.060096153846153855 0.13221153846153844
1 0.7608173076923077 0.19110576923076922 0.05048076923076916 0.12740384615384615
3 0.7512019230769231 0.11658653846153846 0.060096153846153855 0.11298076923076922
3 0.8305288461538461 0.5985576923076923 0.07451923076923084 0.12019230769230771
6 0.75 0.046875 0.04807692307692313 0.09375
6 0.8413461538461539 0.7223557692307692 0.07211538461538458 0.12740384615384615
4 0.7379807692307692 0.7247596153846154 0.05288461538461531 0.10336538461538458
4 0.7259615384615384 0.6021634615384616 0.05288461538461542 0.10336538461538458
4 0.7127403846153846 0.4939903846153846 0.04567307692307698 0.09855769230769229
4 0.7019230769230769 0.3894230769230769 0.04807692307692302 0.10096153846153844
4 0.6899038461538461 0.29086538461538464 0.04807692307692313 0.09615384615384617
4 0.6814903846153846 0.2079326923076923 0.04086538461538458 0.09855769230769229
4 0.6706730769230769 0.125 0.043269230769230727 0.09134615384615385
4 0.6670673076923077 0.04447115384615385 0.04086538461538458 0.0889423076923077
11 0.18870192307692307 0.265625 0.06490384615384615 0.1706730769230769
8 0.17067307692307693 0.35216346153846156 0.06730769230769229 0.1947115384615385
7 0.1923076923076923 0.19110576923076922 0.05288461538461539 0.13221153846153844
7 0.15625 0.47956730769230765 0.05769230769230771 0.13221153846153844
9 0.21153846153846154 0.11057692307692307 0.05288461538461536 0.1298076923076923
9 0.1610576923076923 0.5961538461538461 0.06730769230769232 0.14423076923076916
12 0.13341346153846154 0.7415865384615385 0.06490384615384615 0.13701923076923073
12 0.21153846153846154 0.04447115384615385 0.04807692307692307 0.0889423076923077
10 0.28966346153846156 0.04447115384615385 0.04086538461538464 0.0889423076923077
10 0.2860576923076923 0.12139423076923077 0.04326923076923078 0.08894230769230768
10 0.28125 0.2103365384615385 0.043269230769230727 0.09855769230769232
10 0.2752403846153846 0.2956730769230769 0.05048076923076922 0.10096153846153846
10 0.2752403846153846 0.39903846153846156 0.05048076923076922 0.10096153846153849
10 0.2596153846153846 0.5048076923076923 0.057692307692307654 0.10576923076923078
10 0.2596153846153846 0.609375 0.05288461538461536 0.10817307692307687
10 0.24639423076923078 0.7331730769230769 0.055288461538461564 0.10576923076923073
