5 0.7908653846153846 0.2764423076923077 0.07211538461538458 0.15865384615384617
2 0.7944711538461539 0.35096153846153844 0.07451923076923084 0.19230769230769235
1 0.8161057692307692 0.4783653846153846 0.060096153846153855 0.13461538461538458
1 0.7632211538461539 0.1923076923076923 0.05048076923076916 0.1298076923076923
3 0.7536057692307692 0.11658653846153846 0.060096153846153855 0.11298076923076922
3 0.8317307692307692 0.5997596153846154 0.07692307692307698 0.12259615384615385
6 0.7524038461538461 0.04807692307692308 0.04807692307692313 0.09615384615384616
6 0.8449519230769231 0.7235576923076923 0.06971153846153844 0.1298076923076923
4 0.7415865384615385 0.7271634615384616 0.055288461538461564 0.10336538461538458
4 0.7283653846153846 0.6033653846153846 0.05288461538461542 0.10576923076923073
4 0.7151442307692308 0.4963942307692307 0.04567307692307698 0.09855769230769224
4 0.7043269230769231 0.3894230769230769 0.04807692307692302 0.10096153846153844
4 0.6923076923076923 0.2920673076923077 0.04807692307692313 0.09375000000000003
4 0.6826923076923077 0.2091346153846154 0.04326923076923084 0.10096153846153849
4 0.6730769230769231 0.12620192307692307 0.043269230769230727 0.0889423076923077
4 0.6694711538461539 0.04447115384615385 0.04086538461538458 0.0889423076923077
11 0.18870192307692307 0.2704326923076923 0.06490384615384615 0.17067307692307693
8 0.17067307692307693 0.35697115384615385 0.06730769230769229 0.19471153846153844
7 0.19110576923076922 0.19471153846153846 0.050480769230769246 0.13461538461538464
7 0.15625 0.48557692307692313 0.05769230769230771 0.13461538461538464
9 0.20913461538461536 0.11418269230769232 0.05288461538461539 0.12740384615384615
9 0.15985576923076922 0.6009615384615385 0.06971153846153846 0.14423076923076927
12 0.13341346153846154 0.7487980769230769 0.06490384615384615 0.13701923076923073
12 0.21153846153846154 0.046875 0.04807692307692307 0.09375
10 0.28966346153846156 0.04567307692307692 0.04086538461538464 0.09134615384615384
10 0.2860576923076923 0.125 0.04326923076923078 0.09134615384615385
10 0.28125 0.2139423076923077 0.043269230769230727 0.10096153846153846
10 0.2752403846153846 0.2980769230769231 0.05048076923076922 0.10096153846153844
10 0.2752403846153846 0.4026442307692307 0.05048076923076922 0.10336538461538464
10 0.2596153846153846 0.5096153846153846 0.057692307692307654 0.10576923076923078
10 0.2596153846153846 0.6141826923076923 0.05288461538461536 0.10817307692307687
10 0.2451923076923077 0.7391826923076923 0.05769230769230771 0.10817307692307687
