6 0.8713942307692308 0.7163461538461537 0.07932692307692302 0.15865384615384615
4 0.5348557692307692 0.038461538461538464 0.055288461538461564 0.07692307692307693
2 0.8161057692307693 0.3401442307692308 0.08894230769230771 0.21875
5 0.6153846153846154 0.25961538461538464 0.07211538461538458 0.18750000000000003
4 0.7235576923076923 0.37740384615384615 0.0625 0.10576923076923078
4 0.6971153846153846 0.19591346153846154 0.05769230769230771 0.10336538461538464
4 0.6838942307692308 0.10697115384615385 0.050480769230769273 0.10817307692307693
4 0.5336538461538461 0.27283653846153844 0.04807692307692313 0.11298076923076922
4 0.6478365384615385 0.49278846153846156 0.060096153846153855 0.12019230769230771
3 0.45072115384615385 0.3701923076923077 0.07451923076923078 0.1490384615384615
7 0.4567307692307693 0.5841346153846154 0.07211538461538464 0.15384615384615385
11 0.3689903846153846 0.2620192307692308 0.06971153846153849 0.1971153846153846
9 0.5228365384615385 0.10096153846153846 0.060096153846153855 0.15384615384615385
9 0.16826923076923078 0.5889423076923077 0.08173076923076925 0.15384615384615385
8 0.171875 0.3389423076923077 0.08413461538461536 0.2115384615384615
12 0.20552884615384615 0.038461538461538464 0.06971153846153846 0.07692307692307693
12 0.26322115384615385 0.7319711538461539 0.07932692307692304 0.14663461538461542
10 0.2692307692307692 0.6009615384615384 0.0625 0.12019230769230771
10 0.4519230769230769 0.2704326923076923 0.05769230769230771 0.11298076923076925
10 0.28966346153846156 0.036057692307692304 0.05048076923076922 0.07211538461538461
10 0.2920673076923077 0.18870192307692307 0.05528846153846151 0.10336538461538461
10 0.46634615384615385 0.7235576923076923 0.06730769230769229 0.125
