5 0.21634615384615385 0.296875 0.0625 0.1466346153846154
2 0.21153846153846154 0.3798076923076923 0.08173076923076922 0.1875
1 0.24278846153846154 0.2235576923076923 0.05288461538461536 0.1298076923076923
1 0.203125 0.514423076923077 0.060096153846153855 0.12980769230769235
6 0.2596153846153846 0.140625 0.057692307692307654 0.11778846153846155
6 0.17908653846153846 0.625 0.07451923076923078 0.13461538461538458
6 0.26322115384615385 0.07091346153846154 0.05048076923076922 0.11298076923076922
6 0.1658653846153846 0.7536057692307692 0.07692307692307693 0.13221153846153844
4 0.3485576923076923 0.07091346153846154 0.04326923076923078 0.09855769230769232
4 0.34254807692307687 0.1514423076923077 0.04567307692307693 0.09615384615384617
4 0.3317307692307693 0.234375 0.04807692307692307 0.09855769230769229
4 0.3233173076923077 0.3161057692307693 0.04567307692307693 0.10817307692307693
4 0.3088942307692307 0.41346153846153844 0.04567307692307693 0.10576923076923078
4 0.296875 0.5192307692307692 0.04567307692307687 0.11057692307692302
4 0.28365384615384615 0.6322115384615384 0.04807692307692307 0.11057692307692313
4 0.2692307692307692 0.7548076923076923 0.05288461538461539 0.12019230769230771
11 0.8317307692307693 0.29927884615384615 0.06730769230769229 0.17067307692307696
8 0.8473557692307692 0.3870192307692307 0.06971153846153844 0.19711538461538464
7 0.8269230769230769 0.22115384615384615 0.05288461538461531 0.13461538461538458
7 0.8629807692307693 0.5108173076923077 0.0625 0.14182692307692313
9 0.8197115384615384 0.1454326923076923 0.05769230769230771 0.12259615384615383
9 0.8677884615384616 0.6502403846153846 0.07211538461538458 0.14182692307692302
12 0.8810096153846154 0.7788461538461539 0.06971153846153844 0.14423076923076916
12 0.8100961538461539 0.06850961538461538 0.05288461538461542 0.10817307692307691
10 0.7355769230769231 0.06971153846153846 0.04807692307692302 0.09134615384615385
10 0.734375 0.15264423076923078 0.05048076923076916 0.09375000000000001
10 0.7367788461538461 0.2403846153846154 0.05048076923076916 0.10096153846153849
10 0.7451923076923077 0.328125 0.05769230769230771 0.10336538461538458
10 0.7463942307692308 0.4314903846153846 0.060096153846153855 0.10817307692307693
10 0.7584134615384615 0.5372596153846154 0.060096153846153855 0.09855769230769235
10 0.7596153846153846 0.6430288461538461 0.0625 0.10817307692307687
10 0.7716346153846154 0.7680288461538461 0.0625 0.10817307692307687
