12 0.6418269230769231 0.7211538461538461 0.07211538461538469 0.13461538461538458
6 0.8401442307692308 0.7307692307692308 0.07451923076923073 0.1346153846153847
2 0.7235576923076923 0.5901442307692307 0.08173076923076916 0.20432692307692307
5 0.5997596153846154 0.2920673076923077 0.060096153846153855 0.17067307692307693
4 0.6983173076923077 0.40625 0.05048076923076916 0.11057692307692313
4 0.6754807692307692 0.22355769230769232 0.043269230769230727 0.10576923076923078
4 0.625 0.5036057692307693 0.05288461538461542 0.10817307692307693
4 0.5192307692307692 0.3028846153846154 0.05288461538461531 0.10576923076923078
11 0.3641826923076923 0.2920673076923077 0.060096153846153855 0.17548076923076922
8 0.26802884615384615 0.3737980769230769 0.07451923076923078 0.19951923076923073
7 0.4423076923076923 0.5985576923076923 0.0625 0.15384615384615385
12 0.20913461538461536 0.056490384615384616 0.05769230769230768 0.11298076923076923
3 0.4387019230769231 0.3966346153846154 0.060096153846153855 0.13461538461538464
9 0.5084134615384616 0.13822115384615385 0.05528846153846151 0.14182692307692307
9 0.3557692307692308 0.4951923076923077 0.05769230769230771 0.14423076923076922
10 0.43509615384615385 0.3016826923076923 0.04807692307692307 0.09855769230769229
10 0.2860576923076923 0.05889423076923077 0.04807692307692307 0.09855769230769232
10 0.28846153846153844 0.21634615384615385 0.04807692307692307 0.10576923076923075
10 0.2644230769230769 0.6153846153846154 0.05769230769230771 0.11057692307692302
