10 0.7055288461538461 0.15745192307692307 0.04567307692307687 0.09855769230769229
4 0.2620192307692307 0.34615384615384615 0.04807692307692307 0.10576923076923078
2 0.16826923076923078 0.2956730769230769 0.08173076923076925 0.22115384615384615
4 0.4483173076923077 0.2548076923076923 0.04567307692307693 0.09615384615384615
10 0.7127403846153846 0.08413461538461539 0.060096153846153855 0.11057692307692307
4 0.38221153846153844 0.16466346153846154 0.05288461538461536 0.10336538461538462
1 0.21153846153846154 0.1502403846153846 0.0625 0.13701923076923078
11 0.7019230769230769 0.203125 0.07692307692307698 0.13701923076923075
10 0.703125 0.3329326923076923 0.06490384615384626 0.1322115384615385
4 0.29807692307692313 0.08173076923076923 0.04807692307692307 0.09615384615384617
10 0.5516826923076923 0.24278846153846154 0.05048076923076916 0.11538461538461536
8 0.8197115384615385 0.4158653846153846 0.08173076923076927 0.1923076923076923
7 0.7992788461538461 0.15504807692307693 0.07451923076923084 0.1610576923076923
3 0.4411057692307692 0.34375 0.06971153846153844 0.13461538461538458
12 0.7944711538461539 0.08774038461538461 0.07451923076923084 0.15625
10 0.5216346153846154 0.5745192307692307 0.06730769230769235 0.12019230769230771
3 0.34975961538461536 0.3317307692307692 0.06490384615384615 0.14903846153846156
5 0.23076923076923075 0.4338942307692308 0.08173076923076922 0.1658653846153847
4 0.3954326923076923 0.6814903846153846 0.06490384615384615 0.11298076923076927
10 0.7163461538461539 0.6899038461538461 0.05769230769230771 0.11057692307692313
6 0.2295673076923077 0.06971153846153846 0.060096153846153855 0.10576923076923077
4 0.34375 0.5600961538461539 0.0625 0.125
6 0.06971153846153846 0.8125 0.08173076923076922 0.15384615384615374
7 0.8377403846153846 0.6838942307692307 0.07932692307692302 0.1514423076923077
3 0.11538461538461539 0.5564903846153846 0.09134615384615385 0.1322115384615385
9 0.8185096153846154 0.5600961538461539 0.07932692307692302 0.1586538461538461
9 0.6201923076923077 0.328125 0.06730769230769229 0.1514423076923077
10 0.7103365384615385 0.43509615384615385 0.06971153846153844 0.13461538461538458
4 0.42427884615384615 0.46274038461538464 0.060096153846153855 0.11778846153846156
10 0.5084134615384615 0.8137019230769231 0.06971153846153844 0.12740384615384615
12 0.6069711538461539 0.8125 0.07932692307692313 0.15384615384615374
4 0.18028846153846154 0.8100961538461539 0.0625 0.12019230769230771
