10 0.7163461538461539 0.171875 0.04326923076923084 0.09375
4 0.2920673076923077 0.3473557692307693 0.04567307692307693 0.10336538461538464
2 0.20192307692307693 0.2980769230769231 0.07692307692307693 0.21153846153846154
4 0.46875 0.26322115384615385 0.043269230769230727 0.09375
10 0.7211538461538461 0.10096153846153846 0.05769230769230771 0.10576923076923078
4 0.4050480769230769 0.17548076923076922 0.050480769230769273 0.10096153846153846
1 0.24038461538461536 0.15745192307692307 0.05769230769230768 0.1322115384615385
11 0.7139423076923077 0.21514423076923078 0.07211538461538458 0.13221153846153846
10 0.7151442307692308 0.3389423076923077 0.060096153846153855 0.1298076923076923
4 0.3221153846153846 0.09254807692307693 0.04326923076923078 0.09375
10 0.5697115384615384 0.25240384615384615 0.04807692307692313 0.1105769230769231
8 0.8305288461538461 0.42067307692307687 0.07451923076923084 0.18749999999999994
7 0.8040865384615385 0.17067307692307693 0.06971153846153844 0.15384615384615385
3 0.4651442307692308 0.3485576923076923 0.06490384615384615 0.1298076923076923
12 0.8004807692307693 0.10576923076923077 0.06730769230769229 0.15384615384615383
10 0.5456730769230769 0.5697115384615384 0.0625 0.11538461538461542
3 0.37740384615384615 0.3341346153846154 0.0625 0.14423076923076922
5 0.2644230769230769 0.4314903846153846 0.0769230769230769 0.1610576923076923
4 0.4266826923076923 0.671875 0.060096153846153855 0.10817307692307687
10 0.734375 0.6838942307692308 0.05528846153846145 0.10817307692307698
6 0.25841346153846156 0.08052884615384616 0.05528846153846151 0.10336538461538461
4 0.3762019230769231 0.5552884615384616 0.055288461538461564 0.12019230769230771
6 0.11538461538461539 0.7932692307692308 0.07692307692307693 0.14903846153846156
7 0.8521634615384615 0.6790865384615384 0.07451923076923073 0.14663461538461542
3 0.15504807692307693 0.546875 0.08413461538461538 0.1274038461538462
9 0.8305288461538461 0.5600961538461539 0.07451923076923084 0.1538461538461538
9 0.6370192307692307 0.3329326923076923 0.0625 0.14663461538461536
10 0.7247596153846154 0.4387019230769231 0.06490384615384615 0.13221153846153844
4 0.4495192307692308 0.46153846153846156 0.05769230769230771 0.11538461538461542
10 0.5372596153846154 0.8004807692307693 0.06490384615384615 0.125
12 0.6322115384615384 0.8004807692307692 0.07211538461538458 0.14903846153846156
4 0.22115384615384615 0.7944711538461539 0.05769230769230768 0.11778846153846145
