2 0.796875 0.30408653846153844 0.07932692307692313 0.20432692307692307
5 0.7271634615384615 0.43149038461538464 0.07451923076923073 0.18990384615384615
6 0.8810096153846154 0.8161057692307692 0.08413461538461542 0.14182692307692302
6 0.7536057692307692 0.078125 0.060096153846153855 0.12740384615384615
1 0.3641826923076923 0.5516826923076923 0.06971153846153849 0.1514423076923077
1 0.6670673076923077 0.07932692307692309 0.055288461538461564 0.1346153846153846
3 0.6213942307692308 0.3473557692307692 0.060096153846153855 0.1514423076923077
3 0.6682692307692308 0.6838942307692308 0.07211538461538469 0.14182692307692302
4 0.6153846153846154 0.5612980769230769 0.0625 0.12259615384615385
4 0.7680288461538463 0.8161057692307692 0.06490384615384615 0.11778846153846156
4 0.703125 0.35216346153846156 0.04567307692307687 0.11298076923076922
4 0.5901442307692308 0.17427884615384615 0.04567307692307698 0.11298076923076925
4 0.515625 0.07932692307692307 0.05048076923076922 0.11057692307692307
4 0.5252403846153846 0.26322115384615385 0.050480769230769273 0.11778846153846156
4 0.35817307692307687 0.4579326923076923 0.04807692307692307 0.11298076923076916
4 0.5588942307692308 0.6862980769230769 0.055288461538461564 0.12259615384615385
12 0.18629807692307693 0.07211538461538461 0.055288461538461536 0.125
12 0.35216346153846156 0.8016826923076923 0.06971153846153849 0.1514423076923077
11 0.2716346153846154 0.21394230769230768 0.07211538461538464 0.17788461538461536
8 0.15264423076923078 0.40625 0.07932692307692309 0.20192307692307687
7 0.1766826923076923 0.13822115384615385 0.06009615384615383 0.14663461538461536
7 0.13822115384615385 0.6778846153846154 0.07451923076923075 0.14903846153846156
9 0.15745192307692307 0.5540865384615384 0.07932692307692307 0.14182692307692307
9 0.35336538461538464 0.328125 0.0625 0.13701923076923073
10 0.421875 0.24158653846153846 0.050480769230769273 0.11298076923076922
10 0.41466346153846156 0.0733173076923077 0.05048076923076922 0.11298076923076925
10 0.26802884615384615 0.15504807692307693 0.050480769230769246 0.10336538461538461
10 0.25841346153846156 0.3389423076923077 0.05048076923076922 0.11538461538461536
10 0.24759615384615385 0.6850961538461539 0.0625 0.12019230769230771
10 0.25721153846153844 0.43990384615384615 0.05769230769230768 0.12019230769230771
10 0.43990384615384615 0.5721153846153846 0.05288461538461542 0.12019230769230771
10 0.45913461538461536 0.8173076923076923 0.0625 0.125
