2 0.22115384615384615 0.2560096153846154 0.08173076923076925 0.20432692307692307
5 0.29567307692307687 0.38341346153846156 0.07692307692307693 0.1899038461538462
6 0.15865384615384615 0.7692307692307692 0.08653846153846154 0.14423076923076927
6 0.2548076923076923 0.046875 0.06249999999999997 0.09375
1 0.6634615384615384 0.5048076923076923 0.07211538461538458 0.1538461538461539
1 0.34375 0.04927884615384615 0.05769230769230771 0.0985576923076923
3 0.39783653846153844 0.3016826923076923 0.0649038461538462 0.15144230769230768
3 0.3641826923076923 0.6370192307692308 0.07451923076923078 0.14423076923076927
4 0.41225961538461536 0.515625 0.06490384615384615 0.1225961538461538
4 0.2704326923076923 0.7692307692307693 0.06971153846153849 0.12019230769230771
4 0.3173076923076923 0.3064903846153846 0.04807692307692307 0.11298076923076922
4 0.42307692307692313 0.12740384615384615 0.04807692307692307 0.11538461538461539
4 0.49278846153846156 0.04447115384615385 0.05288461538461542 0.0889423076923077
4 0.4903846153846154 0.21634615384615385 0.05288461538461542 0.11538461538461542
4 0.6646634615384615 0.4110576923076923 0.050480769230769273 0.11057692307692307
4 0.4735576923076923 0.6394230769230769 0.05769230769230771 0.1201923076923076
12 0.8221153846153846 0.04447115384615385 0.05769230769230771 0.0889423076923077
12 0.6850961538461539 0.7548076923076923 0.07211538461538458 0.15384615384615385
11 0.7427884615384616 0.16826923076923075 0.07692307692307687 0.17788461538461536
8 0.8677884615384615 0.359375 0.08173076923076927 0.20432692307692313
7 0.8341346153846154 0.09254807692307693 0.0625 0.14663461538461536
7 0.8942307692307692 0.6310096153846154 0.07692307692307698 0.14663461538461542
9 0.8701923076923077 0.5084134615384616 0.08173076923076916 0.14182692307692313
9 0.6646634615384615 0.2824519230769231 0.06490384615384615 0.13701923076923075
10 0.5925480769230769 0.19471153846153846 0.055288461538461564 0.11538461538461536
10 0.5949519230769231 0.042067307692307696 0.055288461538461564 0.08413461538461539
10 0.7427884615384616 0.10817307692307693 0.05288461538461542 0.10576923076923078
10 0.7596153846153846 0.2920673076923077 0.05288461538461542 0.11298076923076922
10 0.7860576923076923 0.6382211538461537 0.0625 0.12259615384615385
10 0.765625 0.39302884615384615 0.060096153846153744 0.11778846153846156
10 0.5877403846153846 0.5264423076923077 0.055288461538461564 0.12019230769230771
10 0.5805288461538463 0.7716346153846154 0.06490384615384615 0.125
