6 0.7524038461538461 0.08173076923076923 0.0625 0.12980769230769232
6 0.8978365384615384 0.8245192307692308 0.08413461538461542 0.14423076923076927
2 0.8028846153846154 0.3088942307692307 0.08173076923076927 0.20913461538461536
5 0.7391826923076923 0.4278846153846154 0.07451923076923084 0.17788461538461542
4 0.7067307692307692 0.35817307692307687 0.04807692307692302 0.11057692307692307
4 0.7860576923076923 0.8233173076923077 0.0625 0.11778846153846156
3 0.8569711538461539 0.5721153846153846 0.07932692307692313 0.13461538461538458
3 0.6274038461538461 0.3545673076923077 0.0625 0.14663461538461536
1 0.6682692307692307 0.07692307692307693 0.05769230769230771 0.14423076923076922
1 0.5300480769230769 0.3485576923076923 0.06971153846153844 0.1490384615384615
4 0.5132211538461539 0.08774038461538461 0.05048076923076922 0.10817307692307693
4 0.5913461538461539 0.1778846153846154 0.04807692307692313 0.11057692307692309
4 0.5264423076923077 0.2752403846153846 0.05288461538461542 0.11298076923076922
4 0.5504807692307692 0.4651442307692308 0.05288461538461531 0.11298076923076927
4 0.625 0.5733173076923077 0.05288461538461542 0.11778846153846156
4 0.5685096153846154 0.703125 0.060096153846153855 0.12259615384615374
9 0.3533653846153846 0.3425480769230769 0.06730769230769235 0.14663461538461542
9 0.15745192307692307 0.5757211538461539 0.08413461538461539 0.14182692307692313
8 0.15625 0.4278846153846154 0.08173076923076922 0.20673076923076922
7 0.14182692307692307 0.7019230769230769 0.07692307692307693 0.14903846153846156
7 0.17427884615384615 0.15625 0.06490384615384615 0.14423076923076922
12 0.18389423076923078 0.09134615384615384 0.055288461538461536 0.12980769230769232
12 0.3629807692307693 0.8221153846153846 0.07692307692307693 0.14903846153846156
10 0.2536057692307692 0.7055288461538461 0.06009615384615383 0.11778846153846145
10 0.25961538461538464 0.46033653846153844 0.06250000000000003 0.10817307692307687
10 0.2596153846153846 0.35697115384615385 0.057692307692307654 0.10817307692307693
11 0.26802884615384615 0.22956730769230768 0.0793269230769231 0.17548076923076922
10 0.2668269230769231 0.16826923076923078 0.0480769230769231 0.10096153846153846
10 0.4122596153846154 0.08653846153846154 0.05048076923076922 0.10576923076923078
10 0.4206730769230769 0.25240384615384615 0.05288461538461542 0.1105769230769231
10 0.44471153846153844 0.5877403846153846 0.057692307692307654 0.11778846153846156
10 0.4699519230769231 0.8317307692307693 0.06490384615384615 0.12019230769230771
