6 0.25600961538461536 0.07692307692307693 0.06009615384615383 0.125
6 0.12620192307692307 0.7836538461538461 0.07932692307692307 0.13942307692307687
2 0.21153846153846154 0.2932692307692308 0.07692307692307693 0.2019230769230769
5 0.27403846153846156 0.40745192307692313 0.07211538461538464 0.17067307692307693
4 0.3016826923076923 0.3401442307692307 0.04567307692307693 0.10817307692307693
4 0.23317307692307693 0.7848557692307692 0.05769230769230771 0.11298076923076927
3 0.1622596153846154 0.5432692307692307 0.07451923076923078 0.12980769230769224
3 0.3786057692307692 0.3377403846153846 0.060096153846153855 0.14182692307692307
1 0.33653846153846156 0.07572115384615385 0.057692307692307654 0.14182692307692307
1 0.47115384615384615 0.3329326923076923 0.0625 0.14182692307692307
4 0.484375 0.08533653846153846 0.04567307692307687 0.10336538461538464
4 0.4122596153846154 0.171875 0.04567307692307693 0.10336538461538462
4 0.4747596153846154 0.2644230769230769 0.05048076923076922 0.10576923076923075
4 0.45192307692307687 0.44591346153846156 0.04807692307692307 0.10817307692307693
4 0.38341346153846156 0.548076923076923 0.05048076923076922 0.11538461538461536
4 0.4375 0.671875 0.05769230769230771 0.11778846153846145
9 0.6394230769230769 0.3317307692307693 0.0625 0.13942307692307693
9 0.8305288461538461 0.5552884615384616 0.07932692307692313 0.13461538461538464
8 0.8269230769230769 0.4158653846153846 0.07692307692307698 0.19711538461538458
7 0.8449519230769231 0.6766826923076923 0.06971153846153844 0.14182692307692313
7 0.8088942307692308 0.15384615384615385 0.060096153846153855 0.13942307692307693
12 0.7992788461538461 0.09375 0.05048076923076916 0.125
12 0.6358173076923077 0.7872596153846154 0.06971153846153844 0.14182692307692302
10 0.7391826923076923 0.6778846153846154 0.055288461538461564 0.11057692307692302
10 0.7307692307692307 0.4435096153846154 0.05769230769230771 0.10336538461538464
10 0.7295673076923077 0.3449519230769231 0.055288461538461564 0.10336538461538458
11 0.7199519230769231 0.22355769230769232 0.07451923076923073 0.16826923076923078
10 0.71875 0.16346153846153846 0.04326923076923084 0.09615384615384615
10 0.5805288461538461 0.08533653846153846 0.04567307692307687 0.10336538461538464
10 0.5745192307692308 0.24399038461538464 0.04807692307692302 0.10336538461538461
10 0.5552884615384616 0.5637019230769231 0.05288461538461542 0.11298076923076927
10 0.5324519230769231 0.7956730769230769 0.060096153846153855 0.11538461538461531
