6 0.7403846153846154 0.039663461538461536 0.0625 0.07932692307692307
6 0.84375 0.765625 0.08653846153846145 0.14663461538461542
2 0.7776442307692308 0.24519230769230768 0.08413461538461531 0.2115384615384615
5 0.7055288461538461 0.3641826923076923 0.07451923076923084 0.1802884615384615
4 0.6802884615384616 0.2920673076923077 0.04807692307692313 0.11298076923076922
4 0.7307692307692307 0.7644230769230769 0.0625 0.1201923076923076
3 0.8173076923076923 0.5108173076923077 0.08173076923076916 0.13701923076923084
3 0.5985576923076923 0.2896634615384615 0.0625 0.15144230769230768
1 0.6550480769230769 0.040865384615384616 0.055288461538461564 0.08173076923076923
1 0.5 0.2824519230769231 0.07211538461538458 0.1514423076923077
4 0.5 0.037259615384615384 0.04807692307692313 0.07451923076923077
4 0.5709134615384615 0.11298076923076925 0.050480769230769273 0.11057692307692309
4 0.5012019230769231 0.20913461538461536 0.055288461538461564 0.11538461538461539
4 0.5144230769230769 0.4026442307692307 0.05288461538461536 0.11298076923076922
4 0.5829326923076923 0.5108173076923077 0.055288461538461564 0.1225961538461538
4 0.5192307692307693 0.6418269230769231 0.06250000000000006 0.125
9 0.3221153846153846 0.2776442307692307 0.06730769230769235 0.14663461538461536
9 0.11057692307692307 0.5132211538461539 0.08653846153846155 0.14182692307692313
8 0.11899038461538462 0.3641826923076923 0.08413461538461539 0.20913461538461536
7 0.08653846153846154 0.6430288461538461 0.07692307692307693 0.1514423076923077
7 0.1514423076923077 0.08774038461538462 0.06730769230769232 0.1466346153846154
12 0.16466346153846156 0.04567307692307692 0.055288461538461536 0.09134615384615384
12 0.3028846153846154 0.7632211538461539 0.07692307692307693 0.1514423076923077
10 0.1983173076923077 0.6454326923076923 0.06009615384615383 0.11778846153846156
10 0.22115384615384615 0.3966346153846154 0.0625 0.11057692307692307
10 0.22596153846153844 0.2920673076923077 0.05769230769230768 0.10817307692307693
11 0.24278846153846154 0.16346153846153846 0.08173076923076922 0.17788461538461536
10 0.24519230769230768 0.10096153846153846 0.04807692307692307 0.10096153846153845
10 0.3966346153846154 0.037259615384615384 0.05288461538461536 0.07451923076923077
10 0.3966346153846154 0.18629807692307693 0.05288461538461536 0.11298076923076922
10 0.40024038461538464 0.5264423076923077 0.060096153846153855 0.12019230769230771
10 0.41225961538461536 0.7740384615384616 0.06490384615384615 0.125
