2 0.21995192307692307 0.2932692307692307 0.0793269230769231 0.20673076923076922
3 0.3966346153846154 0.3269230769230769 0.057692307692307654 0.14903846153846156
3 0.5564903846153846 0.7728365384615384 0.06971153846153844 0.16586538461538458
6 0.4206730769230769 0.06370192307692307 0.05769230769230771 0.12740384615384615
6 0.47115384615384615 0.421875 0.0625 0.14182692307692313
4 0.25 0.7824519230769231 0.0625 0.12740384615384615
4 0.3064903846153846 0.3329326923076923 0.05528846153846151 0.11298076923076922
4 0.3846153846153846 0.53125 0.05288461538461536 0.12019230769230771
4 0.453125 0.65625 0.060096153846153855 0.12019230769230771
4 0.47716346153846156 0.24879807692307693 0.05528846153846151 0.1081730769230769
4 0.5012019230769231 0.15384615384615385 0.050480769230769273 0.11538461538461538
1 0.3942307692307693 0.14423076923076922 0.05288461538461536 0.15384615384615385
1 0.6430288461538461 0.5240384615384616 0.06971153846153855 0.1538461538461538
11 0.6478365384615385 0.125 0.060096153846153855 0.1826923076923077
9 0.7644230769230769 0.7764423076923077 0.07692307692307698 0.16826923076923084
9 0.6466346153846154 0.30528846153846156 0.0625 0.13942307692307693
7 0.640625 0.41346153846153844 0.060096153846153744 0.14423076923076922
7 0.8149038461538461 0.12259615384615384 0.07211538461538458 0.14903846153846154
12 0.8004807692307693 0.0625 0.05769230769230771 0.125
8 0.8377403846153846 0.3810096153846154 0.07932692307692302 0.20913461538461536
10 0.5841346153846154 0.06370192307692307 0.05288461538461542 0.11298076923076923
10 0.7235576923076923 0.14302884615384615 0.05288461538461542 0.10817307692307691
10 0.7391826923076923 0.3161057692307693 0.05048076923076916 0.10336538461538464
10 0.7403846153846154 0.41466346153846156 0.05288461538461542 0.11298076923076922
10 0.7512019230769231 0.6514423076923077 0.060096153846153855 0.12019230769230771
