2 0.7536057692307693 0.33774038461538464 0.08894230769230771 0.21875000000000003
3 0.5673076923076923 0.3737980769230769 0.0625 0.15625
3 0.39182692307692313 0.8425480769230769 0.07692307692307693 0.17548076923076927
6 0.5480769230769231 0.09615384615384615 0.0625 0.13942307692307693
6 0.4879807692307693 0.47355769230769235 0.06730769230769235 0.14903846153846156
4 0.7151442307692308 0.8521634615384615 0.06971153846153844 0.13221153846153844
4 0.6622596153846154 0.3798076923076923 0.060096153846153855 0.12019230769230771
4 0.5769230769230769 0.5889423076923077 0.0576923076923076 0.125
4 0.5036057692307692 0.7211538461538461 0.06490384615384615 0.125
4 0.484375 0.2920673076923077 0.0600961538461538 0.11298076923076922
4 0.46153846153846156 0.19350961538461536 0.057692307692307654 0.11778846153846154
1 0.5757211538461537 0.18149038461538464 0.060096153846153855 0.16105769230769232
1 0.30528846153846156 0.5817307692307692 0.07692307692307693 0.16346153846153844
11 0.3076923076923077 0.16225961538461536 0.06730769230769229 0.18990384615384615
9 0.17307692307692307 0.8473557692307692 0.08173076923076922 0.17548076923076927
9 0.30528846153846156 0.35216346153846156 0.06730769230769235 0.14663461538461536
7 0.3112980769230769 0.4651442307692307 0.06490384615384615 0.15144230769230765
7 0.13221153846153846 0.1610576923076923 0.07692307692307693 0.15384615384615383
12 0.14783653846153846 0.09975961538461538 0.06490384615384615 0.13221153846153846
8 0.1045673076923077 0.4338942307692307 0.08894230769230768 0.21874999999999994
10 0.3762019230769231 0.09735576923076923 0.055288461538461564 0.11778846153846154
10 0.2283653846153846 0.1814903846153846 0.057692307692307654 0.11298076923076922
10 0.20913461538461536 0.3641826923076923 0.05769230769230768 0.10817307692307693
10 0.20552884615384615 0.46875 0.060096153846153855 0.12019230769230771
10 0.18870192307692307 0.7163461538461539 0.06490384615384615 0.125
