2 0.8028846153846154 0.2848557692307692 0.09134615384615385 0.21875
3 0.6153846153846154 0.3293269230769231 0.06730769230769229 0.15865384615384615
3 0.4314903846153846 0.8088942307692308 0.07932692307692307 0.17548076923076927
6 0.5985576923076923 0.06129807692307692 0.06730769230769229 0.12259615384615384
6 0.5336538461538461 0.4338942307692307 0.07211538461538458 0.15144230769230765
4 0.7572115384615384 0.8052884615384616 0.07211538461538458 0.13461538461538458
4 0.7103365384615385 0.3317307692307692 0.060096153846153855 0.12019230769230771
4 0.6225961538461539 0.546875 0.05769230769230771 0.1274038461538462
4 0.5456730769230769 0.6802884615384616 0.0673076923076924 0.125
4 0.5336538461538461 0.2512019230769231 0.0625 0.11298076923076925
4 0.5120192307692307 0.1502403846153846 0.057692307692307654 0.11778846153846155
1 0.625 0.1346153846153846 0.0625 0.16346153846153846
1 0.3485576923076923 0.5492788461538461 0.07692307692307693 0.1610576923076923
11 0.3557692307692308 0.12740384615384615 0.06730769230769229 0.19230769230769232
9 0.21394230769230768 0.8221153846153846 0.08653846153846151 0.17788461538461542
9 0.35216346153846156 0.31850961538461536 0.06971153846153849 0.1466346153846154
7 0.35697115384615385 0.4314903846153846 0.06490384615384615 0.15144230769230765
7 0.18028846153846154 0.13341346153846154 0.08173076923076922 0.15625
12 0.19711538461538464 0.07091346153846155 0.06730769230769232 0.13221153846153846
8 0.14903846153846154 0.4098557692307693 0.09134615384615385 0.21875000000000006
10 0.4266826923076923 0.06009615384615385 0.060096153846153855 0.1201923076923077
10 0.2776442307692308 0.1502403846153846 0.060096153846153855 0.11298076923076922
10 0.2548076923076923 0.3341346153846154 0.05769230769230768 0.11057692307692307
10 0.25 0.43990384615384615 0.0625 0.12019230769230771
10 0.23076923076923078 0.6899038461538461 0.06730769230769232 0.125
