1 0.7175480769230769 0.6334134615384616 0.07451923076923073 0.14182692307692313
2 0.7956730769230769 0.3810096153846154 0.08653846153846156 0.20913461538461536
5 0.5997596153846154 0.2980769230769231 0.06490384615384615 0.1875
6 0.8521634615384616 0.7608173076923077 0.08894230769230771 0.14182692307692313
6 0.5877403846153846 0.07211538461538461 0.050480769230769273 0.10576923076923077
4 0.6658653846153846 0.1466346153846154 0.04807692307692302 0.11057692307692309
4 0.6790865384615385 0.23197115384615385 0.050480769230769273 0.1081730769230769
4 0.7067307692307693 0.41466346153846156 0.05769230769230771 0.11298076923076922
4 0.7151442307692308 0.5228365384615385 0.055288461538461564 0.11298076923076927
4 0.6478365384615385 0.7620192307692307 0.060096153846153855 0.125
4 0.5144230769230769 0.06850961538461539 0.04807692307692307 0.10336538461538462
4 0.5180288461538461 0.3028846153846154 0.05048076923076916 0.11057692307692307
3 0.5889423076923077 0.13341346153846154 0.05769230769230771 0.14182692307692307
3 0.4411057692307692 0.39783653846153844 0.060096153846153855 0.15144230769230765
11 0.35697115384615385 0.2908653846153846 0.06971153846153844 0.17788461538461536
12 0.24879807692307693 0.7463942307692308 0.06971153846153846 0.13701923076923073
12 0.19230769230769232 0.05048076923076923 0.0625 0.09134615384615385
8 0.15985576923076925 0.3557692307692307 0.07932692307692309 0.20192307692307693
7 0.1466346153846154 0.4831730769230769 0.0673076923076923 0.14423076923076927
9 0.3581730769230769 0.18509615384615385 0.05769230769230771 0.1346153846153846
9 0.15384615384615385 0.6021634615384616 0.07692307692307693 0.1514423076923077
10 0.4338942307692307 0.3004807692307692 0.05048076923076922 0.1105769230769231
10 0.27403846153846156 0.054086538461538464 0.05288461538461536 0.08894230769230768
10 0.27884615384615385 0.20793269230769232 0.05288461538461542 0.10817307692307693
10 0.2644230769230769 0.40625 0.0625 0.11057692307692313
10 0.25721153846153844 0.5120192307692307 0.05769230769230768 0.11057692307692307
10 0.2584134615384615 0.6201923076923077 0.06009615384615383 0.11538461538461542
10 0.4519230769230769 0.7524038461538461 0.05769230769230771 0.125
