1 0.7319711538461539 0.6538461538461539 0.07932692307692313 0.14423076923076916
2 0.8100961538461537 0.39302884615384615 0.09134615384615385 0.2139423076923077
5 0.6069711538461539 0.3112980769230769 0.06971153846153855 0.18990384615384615
6 0.8725961538461537 0.78125 0.09134615384615385 0.14423076923076916
6 0.5877403846153846 0.06971153846153846 0.055288461538461564 0.125
4 0.6694711538461539 0.15504807692307693 0.05048076923076916 0.11298076923076923
4 0.6862980769230769 0.24278846153846154 0.055288461538461564 0.11057692307692307
4 0.7163461538461539 0.43028846153846156 0.0625 0.11538461538461536
4 0.7271634615384615 0.5396634615384616 0.060096153846153855 0.11778846153846151
4 0.6622596153846154 0.7872596153846154 0.06490384615384615 0.12740384615384615
4 0.5132211538461539 0.07091346153846155 0.05048076923076922 0.11778846153846155
4 0.5216346153846154 0.31971153846153844 0.05288461538461542 0.11057692307692307
3 0.5925480769230769 0.14182692307692307 0.060096153846153855 0.14423076923076922
3 0.44350961538461536 0.4182692307692308 0.06490384615384615 0.15384615384615385
11 0.35697115384615385 0.3125 0.07451923076923078 0.1826923076923077
12 0.2536057692307693 0.78125 0.07451923076923078 0.13942307692307687
12 0.18149038461538464 0.058894230769230775 0.06971153846153846 0.11298076923076923
8 0.15504807692307693 0.3810096153846154 0.08413461538461538 0.20432692307692307
7 0.14423076923076922 0.5132211538461539 0.07211538461538461 0.14663461538461542
9 0.3545673076923077 0.20072115384615385 0.060096153846153855 0.13701923076923075
9 0.15264423076923078 0.6358173076923077 0.08413461538461539 0.1514423076923077
10 0.4338942307692308 0.3185096153846154 0.055288461538461564 0.11298076923076922
10 0.265625 0.06009615384615385 0.055288461538461564 0.11057692307692309
10 0.27283653846153844 0.2283653846153846 0.055288461538461536 0.11057692307692307
10 0.2644230769230769 0.43028846153846156 0.06730769230769229 0.11057692307692307
10 0.25721153846153844 0.5408653846153846 0.06249999999999997 0.11057692307692307
10 0.25841346153846156 0.6502403846153846 0.06490384615384617 0.11778846153846156
10 0.46153846153846156 0.7824519230769231 0.0625 0.12740384615384615
