9 0.546875 0.1514423076923077 0.06490384615384626 0.14903846153846154
9 0.7391826923076923 0.8173076923076923 0.08413461538461542 0.16826923076923084
8 0.8209134615384616 0.4158653846153846 0.09375 0.2259615384615385
11 0.6370192307692308 0.1454326923076923 0.07211538461538469 0.18509615384615383
12 0.7908653846153846 0.07932692307692307 0.07692307692307698 0.13942307692307693
7 0.8016826923076923 0.14543269230769232 0.06971153846153844 0.15625
7 0.6189903846153846 0.4314903846153846 0.06971153846153844 0.15624999999999994
10 0.5673076923076923 0.07211538461538461 0.0625 0.11057692307692307
10 0.7115384615384616 0.15745192307692307 0.05769230769230771 0.10817307692307693
10 0.7235576923076923 0.33774038461538464 0.0625 0.12259615384615385
10 0.7283653846153846 0.6814903846153846 0.0625 0.12259615384615385
10 0.71875 0.44350961538461536 0.0625 0.12740384615384615
2 0.18990384615384615 0.2932692307692308 0.09134615384615385 0.21634615384615385
3 0.36658653846153844 0.33413461538461536 0.0649038461538462 0.15865384615384615
3 0.5240384615384616 0.8028846153846154 0.07692307692307693 0.16346153846153844
6 0.4026442307692308 0.06850961538461539 0.060096153846153855 0.12740384615384615
6 0.44471153846153844 0.4411057692307692 0.06730769230769235 0.1466346153846153
1 0.37259615384615385 0.14903846153846154 0.05288461538461542 0.15865384615384615
1 0.6141826923076923 0.5540865384615384 0.06971153846153844 0.15625
4 0.4567307692307693 0.2596153846153846 0.05288461538461536 0.11538461538461536
4 0.484375 0.1622596153846154 0.05528846153846151 0.10817307692307693
4 0.2740384615384615 0.3449519230769231 0.05769230769230768 0.11778846153846156
4 0.20552884615384615 0.8028846153846154 0.06490384615384615 0.1298076923076923
4 0.3545673076923077 0.5480769230769231 0.05528846153846151 0.13461538461538464
4 0.4182692307692308 0.6778846153846154 0.0625 0.1298076923076923
