9 0.6045673076923077 0.09975961538461538 0.06490384615384615 0.15144230769230768
9 0.8197115384615385 0.7620192307692308 0.08653846153846156 0.17307692307692302
8 0.8882211538461539 0.3557692307692308 0.09375 0.23076923076923075
11 0.6947115384615384 0.09134615384615384 0.07211538461538458 0.18269230769230768
12 0.8497596153846154 0.04326923076923077 0.07451923076923073 0.08653846153846154
7 0.8617788461538461 0.08173076923076923 0.06971153846153855 0.15865384615384617
7 0.6862980769230769 0.3798076923076923 0.06971153846153844 0.15865384615384615
10 0.6225961538461539 0.037259615384615384 0.0625 0.07451923076923077
10 0.7716346153846154 0.09855769230769232 0.05769230769230771 0.11057692307692309
10 0.7884615384615384 0.2800480769230769 0.0625 0.12259615384615385
10 0.8028846153846154 0.6262019230769231 0.0625 0.12740384615384615
10 0.7872596153846154 0.3870192307692308 0.060096153846153855 0.1298076923076923
2 0.24759615384615385 0.25961538461538464 0.09134615384615385 0.22115384615384617
3 0.42788461538461536 0.2932692307692308 0.0625 0.16346153846153846
3 0.6009615384615384 0.7584134615384616 0.07692307692307687 0.16586538461538458
6 0.4567307692307692 0.04447115384615385 0.05769230769230771 0.0889423076923077
6 0.5108173076923077 0.3954326923076923 0.06971153846153844 0.1514423076923077
1 0.4266826923076923 0.1045673076923077 0.05528846153846151 0.16105769230769232
1 0.6838942307692308 0.5036057692307693 0.06971153846153844 0.16105769230769235
4 0.515625 0.21394230769230768 0.05048076923076922 0.11538461538461536
4 0.5420673076923077 0.11538461538461539 0.055288461538461564 0.11057692307692307
4 0.3341346153846154 0.3076923076923077 0.057692307692307654 0.12019230769230771
4 0.2776442307692308 0.7740384615384616 0.06490384615384617 0.1298076923076923
4 0.421875 0.5096153846153846 0.055288461538461564 0.13942307692307698
4 0.4903846153846154 0.6370192307692308 0.06250000000000006 0.1346153846153847
