9 0.59375 0.15024038461538464 0.0625 0.1466346153846154
9 0.7932692307692308 0.8088942307692308 0.08173076923076927 0.1658653846153847
8 0.8689903846153846 0.4098557692307693 0.08894230769230771 0.22355769230769235
11 0.6826923076923077 0.14182692307692307 0.07211538461538458 0.1826923076923077
12 0.8353365384615385 0.07572115384615384 0.07451923076923073 0.13701923076923075
7 0.8473557692307692 0.14182692307692307 0.06971153846153844 0.15384615384615385
7 0.6694711538461539 0.42788461538461536 0.06971153846153855 0.15384615384615385
10 0.6117788461538463 0.07091346153846154 0.060096153846153855 0.10817307692307693
10 0.7572115384615384 0.15504807692307693 0.05769230769230771 0.10817307692307693
10 0.7704326923076923 0.3341346153846154 0.060096153846153855 0.12019230769230765
10 0.7800480769230769 0.6766826923076923 0.060096153846153855 0.12259615384615385
10 0.7692307692307693 0.43990384615384615 0.05769230769230771 0.125
2 0.2391826923076923 0.2956730769230769 0.08894230769230768 0.21634615384615385
3 0.4182692307692308 0.33413461538461536 0.0625 0.15865384615384615
3 0.578125 0.7992788461538461 0.07451923076923084 0.1610576923076923
6 0.4495192307692308 0.06610576923076923 0.05769230769230771 0.13221153846153846
6 0.4963942307692308 0.438701923076923 0.06490384615384615 0.14663461538461536
1 0.41947115384615385 0.1502403846153846 0.05048076923076922 0.15625
1 0.6646634615384615 0.5516826923076923 0.06490384615384615 0.15625
4 0.5048076923076923 0.2608173076923077 0.05288461538461536 0.11298076923076922
4 0.53125 0.1622596153846154 0.05288461538461542 0.10817307692307693
4 0.32572115384615385 0.34615384615384615 0.055288461538461564 0.11538461538461542
4 0.2608173076923077 0.8028846153846154 0.06490384615384617 0.125
4 0.4074519230769231 0.546875 0.055288461538461564 0.1322115384615385
4 0.4723557692307692 0.6754807692307693 0.060096153846153855 0.1298076923076923
