1 0.6105769230769231 0.13942307692307693 0.0576923076923076 0.15384615384615385
2 0.7860576923076923 0.2860576923076923 0.09134615384615385 0.20192307692307693
3 0.23076923076923078 0.6430288461538461 0.0769230769230769 0.1610576923076923
3 0.3473557692307693 0.4266826923076923 0.07451923076923078 0.15625
4 0.7427884615384616 0.7920673076923077 0.06730769230769229 0.12259615384615385
4 0.6995192307692307 0.3329326923076923 0.05769230769230771 0.11778846153846151
4 0.6117788461538461 0.5348557692307692 0.05528846153846145 0.11778846153846156
4 0.5396634615384615 0.6694711538461537 0.06490384615384615 0.12740384615384615
6 0.5865384615384616 0.06370192307692307 0.05769230769230771 0.12740384615384615
6 0.5168269230769231 0.3329326923076923 0.06250000000000006 0.1322115384615385
12 0.1983173076923077 0.06971153846153846 0.06009615384615383 0.1298076923076923
4 0.4266826923076923 0.1670673076923077 0.05528846153846151 0.11778846153846154
8 0.16346153846153846 0.296875 0.09134615384615385 0.2091346153846154
9 0.21875 0.796875 0.09134615384615385 0.1610576923076923
7 0.18509615384615385 0.12860576923076922 0.07211538461538461 0.1658653846153846
11 0.3533653846153846 0.13221153846153846 0.07211538461538464 0.1923076923076923
10 0.2752403846153846 0.1502403846153846 0.05528846153846151 0.11298076923076922
10 0.25600961538461536 0.33052884615384615 0.06009615384615383 0.11778846153846156
10 0.2548076923076923 0.4314903846153846 0.06249999999999997 0.11778846153846151
10 0.34975961538461536 0.5600961538461539 0.06490384615384615 0.12019230769230771
