1 0.5961538461538461 0.16947115384615385 0.05769230769230771 0.15625
2 0.7848557692307693 0.3245192307692308 0.08894230769230771 0.21153846153846156
3 0.22355769230769232 0.6790865384615384 0.07692307692307693 0.17067307692307687
3 0.3377403846153846 0.46033653846153844 0.07451923076923078 0.1610576923076923
4 0.7608173076923077 0.8473557692307692 0.06490384615384615 0.12740384615384615
4 0.6959134615384615 0.3713942307692308 0.060096153846153855 0.12259615384615385
4 0.6153846153846154 0.5769230769230769 0.05769230769230771 0.125
4 0.5444711538461537 0.7151442307692308 0.06490384615384615 0.13221153846153844
6 0.5685096153846154 0.08413461538461539 0.055288461538461564 0.13942307692307693
6 0.5072115384615384 0.36658653846153844 0.0625 0.13701923076923078
12 0.1670673076923077 0.08653846153846154 0.06009615384615383 0.13461538461538464
4 0.40625 0.1923076923076923 0.05288461538461542 0.12019230769230768
8 0.13942307692307693 0.32091346153846156 0.09134615384615385 0.21875000000000003
9 0.21875 0.8389423076923077 0.09134615384615385 0.16826923076923084
7 0.15625 0.14783653846153846 0.07211538461538462 0.17067307692307693
11 0.33052884615384615 0.15264423076923075 0.06971153846153844 0.19951923076923075
10 0.2512019230769231 0.171875 0.055288461538461536 0.11778846153846155
10 0.23677884615384615 0.35697115384615385 0.060096153846153855 0.12259615384615385
10 0.2391826923076923 0.46153846153846156 0.06490384615384615 0.12019230769230771
10 0.34375 0.5985576923076923 0.0625 0.125
