5 0.4951923076923077 0.41706730769230765 0.06730769230769229 0.19471153846153844
3 0.4182692307692308 0.32572115384615385 0.05769230769230771 0.1514423076923077
3 0.37259615384615385 0.6634615384615385 0.07211538461538458 0.16346153846153844
2 0.23677884615384615 0.2920673076923077 0.08413461538461539 0.20432692307692307
6 0.27163461538461536 0.06610576923076923 0.05769230769230768 0.13221153846153846
6 0.15264423076923078 0.7992788461538461 0.08413461538461539 0.14663461538461542
4 0.2608173076923077 0.7980769230769231 0.06490384615384617 0.1298076923076924
4 0.32572115384615385 0.33653846153846156 0.055288461538461564 0.12019230769230765
4 0.4375 0.15865384615384615 0.04807692307692313 0.11057692307692307
4 0.40384615384615385 0.5420673076923077 0.05769230769230771 0.11298076923076922
4 0.4723557692307692 0.6706730769230769 0.060096153846153855 0.1201923076923076
4 0.5036057692307693 0.2536057692307692 0.05048076923076922 0.12259615384615383
1 0.3557692307692308 0.06850961538461539 0.05769230769230771 0.13701923076923078
1 0.6682692307692307 0.5384615384615385 0.0625 0.15384615384615385
12 0.8341346153846154 0.06490384615384616 0.05769230769230771 0.12980769230769232
8 0.8701923076923077 0.3942307692307693 0.07692307692307687 0.20673076923076922
9 0.6754807692307693 0.32091346153846156 0.0625 0.14663461538461536
9 0.8713942307692308 0.5456730769230769 0.07451923076923073 0.14903846153846156
7 0.8449519230769231 0.1310096153846154 0.060096153846153855 0.14663461538461536
7 0.890625 0.6646634615384616 0.06971153846153855 0.14663461538461542
11 0.7548076923076923 0.20552884615384617 0.07692307692307687 0.17067307692307693
10 0.7548076923076923 0.1466346153846154 0.05288461538461542 0.10576923076923078
10 0.6081730769230769 0.06490384615384616 0.05288461538461531 0.10576923076923077
10 0.6033653846153846 0.23557692307692307 0.04807692307692302 0.1105769230769231
10 0.7692307692307692 0.32932692307692313 0.04807692307692302 0.11057692307692307
10 0.7704326923076923 0.43509615384615385 0.055288461538461564 0.11538461538461542
10 0.7776442307692308 0.6742788461538463 0.060096153846153855 0.12259615384615385
