5 0.47596153846153844 0.4387019230769231 0.06730769230769229 0.18990384615384615
3 0.4002403846153846 0.3485576923076923 0.05528846153846151 0.1490384615384615
3 0.3581730769230769 0.6754807692307692 0.07211538461538458 0.15865384615384615
2 0.2235576923076923 0.31009615384615385 0.08173076923076925 0.2019230769230769
6 0.25600961538461536 0.09254807692307691 0.06009615384615383 0.13221153846153846
6 0.14903846153846154 0.7980769230769231 0.08173076923076922 0.14423076923076927
4 0.2536057692307692 0.8016826923076923 0.06490384615384615 0.12740384615384615
4 0.3112980769230769 0.35697115384615385 0.055288461538461564 0.11778846153846156
4 0.4182692307692307 0.18870192307692307 0.04807692307692307 0.10817307692307693
4 0.38822115384615385 0.5576923076923077 0.055288461538461564 0.11057692307692313
4 0.4579326923076923 0.6850961538461539 0.060096153846153855 0.11538461538461542
4 0.48197115384615385 0.2824519230769231 0.05048076923076922 0.11778846153846154
1 0.3377403846153846 0.09014423076923077 0.05528846153846151 0.1466346153846154
1 0.6442307692307693 0.563701923076923 0.0625 0.15144230769230765
12 0.8004807692307693 0.109375 0.05769230769230771 0.13221153846153844
8 0.8389423076923077 0.43028846153846156 0.07692307692307687 0.20192307692307693
9 0.6490384615384616 0.35216346153846156 0.0625 0.14182692307692307
9 0.8425480769230769 0.5769230769230769 0.07451923076923073 0.14423076923076927
7 0.8112980769230769 0.17548076923076922 0.060096153846153855 0.14423076923076925
7 0.8617788461538461 0.6935096153846154 0.06971153846153855 0.14663461538461542
11 0.7259615384615384 0.24399038461538464 0.07692307692307687 0.1658653846153846
10 0.7247596153846154 0.18870192307692307 0.050480769230769273 0.10336538461538461
10 0.5829326923076923 0.10216346153846154 0.05048076923076916 0.10336538461538462
10 0.578125 0.26802884615384615 0.04567307692307687 0.10817307692307696
10 0.7403846153846154 0.3641826923076923 0.04807692307692302 0.10817307692307693
10 0.7427884615384616 0.46634615384615385 0.05769230769230771 0.11538461538461542
10 0.7536057692307692 0.6983173076923077 0.060096153846153855 0.11778846153846156
