5 0.5120192307692307 0.43149038461538464 0.06730769230769224 0.18990384615384615
3 0.5865384615384616 0.34615384615384615 0.05769230769230771 0.14903846153846156
3 0.6274038461538461 0.6730769230769231 0.07211538461538458 0.15865384615384615
2 0.7620192307692308 0.3173076923076923 0.08173076923076927 0.20192307692307693
6 0.7307692307692307 0.0985576923076923 0.05769230769230771 0.12980769230769232
6 0.8365384615384615 0.8076923076923077 0.08173076923076927 0.14423076923076916
4 0.7319711538461537 0.8040865384615385 0.06490384615384615 0.12740384615384615
4 0.6742788461538461 0.35697115384615385 0.05528846153846145 0.11778846153846156
4 0.5685096153846154 0.18389423076923078 0.04567307692307698 0.1081730769230769
4 0.5985576923076923 0.5528846153846154 0.05769230769230771 0.11057692307692302
4 0.53125 0.6766826923076923 0.05769230769230771 0.11778846153846156
4 0.5060096153846154 0.27283653846153844 0.05048076923076922 0.11778846153846154
1 0.6502403846153846 0.09134615384615385 0.055288461538461564 0.14423076923076922
1 0.3449519230769231 0.5444711538461539 0.060096153846153855 0.1514423076923077
12 0.18990384615384615 0.0829326923076923 0.05769230769230768 0.13221153846153846
8 0.1502403846153846 0.4014423076923077 0.07451923076923077 0.20192307692307693
9 0.3389423076923077 0.33533653846153844 0.0625 0.14182692307692307
9 0.14783653846153846 0.546875 0.07451923076923078 0.14663461538461542
7 0.1766826923076923 0.14903846153846154 0.06009615384615383 0.14423076923076922
7 0.12860576923076922 0.6610576923076923 0.06971153846153846 0.14423076923076916
11 0.26322115384615385 0.21995192307692307 0.07451923076923075 0.16586538461538458
10 0.26322115384615385 0.16466346153846154 0.05048076923076922 0.10336538461538462
10 0.40625 0.08894230769230768 0.05288461538461542 0.10576923076923077
10 0.4098557692307693 0.2548076923076923 0.04567307692307693 0.11057692307692307
10 0.24759615384615385 0.3401442307692307 0.048076923076923045 0.10817307692307693
10 0.24639423076923078 0.4423076923076923 0.055288461538461564 0.11538461538461536
10 0.23677884615384615 0.6730769230769231 0.060096153846153855 0.1201923076923076
