11 0.7403846153846154 0.13341346153846154 0.07211538461538458 0.16586538461538464
2 0.7704326923076923 0.3004807692307692 0.08413461538461542 0.20673076923076925
6 0.27283653846153844 0.07091346153846154 0.06009615384615383 0.12259615384615385
7 0.4423076923076923 0.43629807692307687 0.06730769230769229 0.15144230769230765
12 0.4362980769230769 0.33653846153846156 0.06490384615384615 0.13942307692307693
8 0.16466346153846154 0.3016826923076923 0.07932692307692307 0.2091346153846154
10 0.27403846153846156 0.16826923076923078 0.05288461538461536 0.11057692307692309
10 0.2608173076923077 0.3389423076923077 0.06490384615384617 0.11057692307692307
10 0.3605769230769231 0.5649038461538461 0.0625 0.12019230769230771
4 0.34615384615384615 0.44350961538461536 0.05769230769230771 0.12259615384615385
4 0.5432692307692307 0.6646634615384615 0.05769230769230771 0.12259615384615385
4 0.5901442307692308 0.34375 0.055288461538461564 0.11538461538461542
