2 0.1814903846153846 0.2776442307692308 0.09375 0.22355769230769232
6 0.22475961538461536 0.05889423076923077 0.06490384615384612 0.11778846153846154
6 0.13581730769230768 0.5276442307692307 0.07932692307692306 0.14182692307692307
1 0.3112980769230769 0.6634615384615385 0.07451923076923073 0.16826923076923073
1 0.3641826923076923 0.31850961538461536 0.06490384615384615 0.15144230769230768
5 0.4423076923076923 0.41346153846153844 0.07211538461538464 0.1923076923076923
4 0.4543269230769231 0.24278846153846154 0.05288461538461542 0.11538461538461536
4 0.19591346153846154 0.7980769230769231 0.06490384615384615 0.1298076923076924
4 0.2692307692307692 0.3269230769230769 0.05769230769230768 0.12019230769230771
4 0.3473557692307692 0.5396634615384616 0.06490384615384615 0.1225961538461538
4 0.41466346153846156 0.6742788461538463 0.0649038461538462 0.12259615384615385
4 0.48197115384615385 0.1466346153846154 0.0600961538461538 0.11057692307692309
1 0.3653846153846154 0.12740384615384615 0.07211538461538464 0.15865384615384615
1 0.6141826923076923 0.5372596153846154 0.07932692307692313 0.1514423076923077
11 0.6370192307692308 0.11899038461538462 0.07692307692307698 0.19471153846153846
12 0.796875 0.0625 0.06490384615384626 0.11538461538461539
9 0.7355769230769231 0.8088942307692307 0.08653846153846156 0.1610576923076923
9 0.6274038461538461 0.3088942307692307 0.06730769230769229 0.14182692307692307
7 0.6189903846153846 0.4182692307692307 0.060096153846153855 0.14423076923076922
7 0.8076923076923077 0.12379807692307693 0.06730769230769229 0.1514423076923077
8 0.8233173076923077 0.4002403846153846 0.09375 0.2235576923076923
10 0.5649038461538461 0.06009615384615385 0.04807692307692313 0.11057692307692309
10 0.5588942307692308 0.22596153846153844 0.055288461538461564 0.12019230769230768
10 0.7127403846153846 0.14182692307692307 0.055288461538461564 0.11538461538461539
10 0.7235576923076923 0.3245192307692308 0.05769230769230771 0.12019230769230771
10 0.7223557692307692 0.43149038461538464 0.060096153846153855 0.12259615384615385
10 0.7271634615384615 0.6766826923076923 0.06490384615384615 0.12740384615384615
