2 0.23076923076923078 0.2932692307692308 0.09134615384615385 0.21153846153846156
6 0.25961538461538464 0.07572115384615385 0.06250000000000003 0.12740384615384615
6 0.20072115384615385 0.5288461538461539 0.07932692307692307 0.13461538461538458
1 0.3762019230769231 0.6598557692307693 0.07451923076923073 0.1610576923076923
1 0.4074519230769231 0.3317307692307693 0.06490384615384615 0.14423076923076922
5 0.48557692307692313 0.42427884615384615 0.07211538461538464 0.1850961538461539
4 0.4879807692307692 0.2620192307692307 0.04807692307692302 0.11057692307692307
4 0.2728365384615385 0.7848557692307692 0.06490384615384617 0.12259615384615385
4 0.3185096153846154 0.3389423076923077 0.05528846153846151 0.11538461538461536
4 0.40384615384615385 0.5420673076923077 0.0625 0.11778846153846151
4 0.4735576923076923 0.671875 0.0625 0.11778846153846145
4 0.5096153846153846 0.17067307692307693 0.057692307692307654 0.10576923076923078
1 0.39783653846153844 0.15264423076923078 0.06971153846153849 0.15144230769230768
1 0.6550480769230769 0.5432692307692308 0.07451923076923073 0.14423076923076927
11 0.6538461538461539 0.14663461538461536 0.07211538461538458 0.18269230769230768
12 0.8016826923076923 0.08774038461538461 0.06490384615384615 0.12259615384615384
9 0.7860576923076923 0.8028846153846154 0.08653846153846156 0.15384615384615385
9 0.6550480769230769 0.328125 0.06490384615384615 0.13701923076923073
7 0.6526442307692308 0.43028846153846156 0.060096153846153855 0.13461538461538464
7 0.8149038461538461 0.15264423076923078 0.0625 0.14182692307692307
8 0.8461538461538463 0.41586538461538464 0.09134615384615385 0.21153846153846156
10 0.5817307692307692 0.08533653846153846 0.04807692307692302 0.11298076923076922
10 0.5853365384615385 0.24759615384615385 0.055288461538461564 0.11538461538461542
10 0.7271634615384615 0.16826923076923078 0.055288461538461564 0.11057692307692309
10 0.7475961538461539 0.34134615384615385 0.05769230769230771 0.11538461538461542
10 0.7524038461538461 0.4435096153846154 0.05769230769230771 0.11778846153846151
10 0.7692307692307693 0.6766826923076923 0.0625 0.12259615384615385
