7 0.8413461538461539 0.1201923076923077 0.07211538461538458 0.14903846153846154
7 0.6670673076923077 0.4122596153846154 0.055288461538461564 0.14182692307692307
9 0.8052884615384615 0.7944711538461539 0.08173076923076927 0.16586538461538458
9 0.6694711538461537 0.3064903846153846 0.06490384615384615 0.14182692307692307
11 0.6706730769230769 0.11658653846153846 0.07211538461538469 0.18509615384615385
8 0.8737980769230769 0.3918269230769231 0.0889423076923076 0.21153846153846156
12 0.8269230769230769 0.0625 0.0673076923076924 0.125
10 0.5973557692307692 0.055288461538461536 0.050480769230769273 0.11057692307692307
10 0.7860576923076923 0.6682692307692307 0.0625 0.12019230769230771
10 0.7692307692307693 0.4254807692307693 0.06730769230769229 0.11538461538461536
10 0.7668269230769231 0.31971153846153844 0.0576923076923076 0.11538461538461536
10 0.7463942307692308 0.13581730769230768 0.055288461538461564 0.12259615384615384
1 0.40384615384615385 0.13581730769230768 0.05769230769230771 0.15625
1 0.6682692307692307 0.5348557692307693 0.0625 0.15144230769230776
3 0.5853365384615385 0.7884615384615385 0.07451923076923073 0.16346153846153844
3 0.41225961538461536 0.3209134615384615 0.06490384615384615 0.15144230769230768
2 0.22596153846153844 0.27884615384615385 0.09134615384615383 0.21153846153846156
6 0.43149038461538464 0.05889423076923077 0.060096153846153855 0.11778846153846154
6 0.20673076923076922 0.43028846153846156 0.0769230769230769 0.13942307692307693
4 0.2668269230769231 0.7992788461538463 0.06730769230769229 0.12259615384615385
4 0.31490384615384615 0.328125 0.05288461538461542 0.11778846153846156
4 0.5192307692307692 0.1466346153846154 0.04807692307692302 0.10576923076923078
4 0.4951923076923077 0.2439903846153846 0.04807692307692313 0.11298076923076922
4 0.4026442307692308 0.5360576923076923 0.060096153846153855 0.125
4 0.4747596153846154 0.6730769230769231 0.05528846153846151 0.1201923076923076
