7 0.8161057692307692 0.171875 0.06971153846153844 0.14182692307692307
7 0.6358173076923077 0.4423076923076923 0.055288461538461564 0.13461538461538458
9 0.7487980769230769 0.8112980769230769 0.07932692307692302 0.1610576923076924
9 0.6430288461538463 0.3425480769230769 0.06490384615384615 0.13701923076923073
11 0.6550480769230769 0.1610576923076923 0.06971153846153844 0.1778846153846154
8 0.8329326923076923 0.4314903846153846 0.08413461538461542 0.20432692307692307
12 0.8076923076923077 0.11057692307692307 0.0625 0.1298076923076923
10 0.5877403846153846 0.09615384615384615 0.050480769230769273 0.11057692307692307
10 0.7367788461538463 0.6899038461538461 0.060096153846153855 0.11538461538461542
10 0.7331730769230769 0.45913461538461536 0.0625 0.11057692307692302
10 0.7355769230769231 0.35817307692307687 0.0576923076923076 0.11057692307692307
10 0.7259615384615384 0.1826923076923077 0.05288461538461542 0.11538461538461539
1 0.39903846153846156 0.16947115384615385 0.057692307692307654 0.15144230769230768
1 0.6310096153846154 0.5588942307692307 0.060096153846153855 0.14663461538461536
3 0.5396634615384615 0.7992788461538461 0.06971153846153844 0.15625
3 0.39783653846153844 0.34615384615384615 0.0649038461538462 0.14423076923076922
2 0.2235576923076923 0.2980769230769231 0.08653846153846154 0.20192307692307696
6 0.42908653846153844 0.08894230769230768 0.05528846153846151 0.12499999999999999
6 0.1983173076923077 0.4423076923076923 0.07451923076923075 0.13461538461538458
4 0.23557692307692307 0.7944711538461539 0.06730769230769229 0.11778846153846145
4 0.3064903846153846 0.3485576923076923 0.05048076923076922 0.11057692307692307
4 0.5096153846153846 0.18389423076923078 0.04807692307692307 0.10336538461538461
4 0.4795673076923077 0.2752403846153846 0.04567307692307693 0.10817307692307693
4 0.3786057692307692 0.5492788461538461 0.055288461538461564 0.11778846153846151
4 0.4411057692307692 0.6826923076923077 0.055288461538461564 0.11538461538461542
