11 0.2776442307692308 0.21033653846153846 0.07451923076923075 0.17067307692307693
2 0.7824519230769231 0.2716346153846154 0.07932692307692302 0.19711538461538464
1 0.6622596153846154 0.06129807692307692 0.055288461538461564 0.12259615384615384
6 0.7439903846153846 0.057692307692307696 0.055288461538461564 0.11538461538461539
4 0.6959134615384615 0.32091346153846156 0.050480769230769273 0.10336538461538464
6 0.8653846153846154 0.7620192307692308 0.08173076923076927 0.13942307692307698
4 0.7572115384615384 0.7680288461538461 0.0625 0.11298076923076916
3 0.6622596153846154 0.6454326923076923 0.06971153846153844 0.13701923076923084
3 0.6189903846153846 0.3221153846153846 0.055288461538461564 0.13942307692307693
5 0.5288461538461539 0.4026442307692308 0.0625 0.18028846153846156
4 0.5528846153846154 0.6550480769230769 0.05769230769230771 0.11298076923076927
4 0.609375 0.5300480769230769 0.05048076923076916 0.11298076923076927
4 0.5865384615384615 0.15264423076923078 0.043269230769230727 0.10336538461538461
4 0.5168269230769231 0.06850961538461539 0.038461538461538436 0.10336538461538462
4 0.5216346153846154 0.24399038461538464 0.04807692307692302 0.10336538461538461
4 0.3653846153846154 0.4423076923076923 0.04807692307692307 0.11057692307692307
1 0.36778846153846156 0.5300480769230769 0.057692307692307654 0.14182692307692307
8 0.16586538461538464 0.4026442307692307 0.07211538461538461 0.19951923076923078
12 0.19951923076923078 0.07692307692307693 0.05288461538461539 0.125
9 0.35697115384615385 0.3185096153846154 0.060096153846153855 0.1322115384615385
9 0.16466346153846156 0.5444711538461539 0.06971153846153846 0.13701923076923084
7 0.18870192307692307 0.14182692307692307 0.055288461538461536 0.14423076923076922
7 0.14783653846153846 0.6646634615384616 0.06971153846153845 0.14182692307692313
10 0.2776442307692307 0.15264423076923078 0.04567307692307693 0.09375000000000001
10 0.2644230769230769 0.328125 0.05288461538461542 0.10336538461538458
10 0.25240384615384615 0.6658653846153846 0.05769230769230768 0.12019230769230771
10 0.2644230769230769 0.4314903846153846 0.05288461538461542 0.10817307692307693
10 0.41947115384615385 0.06850961538461539 0.04567307692307693 0.10336538461538462
10 0.42427884615384615 0.22956730769230768 0.04567307692307693 0.10817307692307693
10 0.43990384615384615 0.5480769230769231 0.04807692307692307 0.11057692307692302
