11 0.7668269230769231 0.21514423076923075 0.08173076923076927 0.17548076923076922
2 0.24519230769230768 0.28846153846153844 0.08653846153846151 0.20192307692307693
1 0.3641826923076923 0.06850961538461539 0.060096153846153855 0.12740384615384615
6 0.2800480769230769 0.06490384615384616 0.060096153846153855 0.1201923076923077
4 0.3377403846153846 0.3377403846153846 0.05528846153846151 0.10817307692307693
6 0.17788461538461536 0.7980769230769231 0.08653846153846154 0.14423076923076927
4 0.28966346153846156 0.8028846153846154 0.06971153846153849 0.11538461538461542
3 0.3846153846153846 0.6730769230769231 0.07692307692307693 0.13942307692307698
3 0.4182692307692308 0.3377403846153846 0.0625 0.14182692307692307
5 0.514423076923077 0.41947115384615385 0.07211538461538464 0.1850961538461538
4 0.5 0.6826923076923077 0.0625 0.12019230769230771
4 0.4338942307692308 0.5516826923076923 0.055288461538461564 0.11778846153846156
4 0.44471153846153844 0.1610576923076923 0.04807692307692307 0.10576923076923075
4 0.515625 0.07331730769230768 0.04086538461538458 0.10817307692307691
4 0.515625 0.2536057692307693 0.05048076923076922 0.10817307692307693
4 0.6850961538461539 0.4567307692307692 0.05288461538461542 0.11538461538461531
1 0.6862980769230769 0.5480769230769231 0.06490384615384615 0.14903846153846156
8 0.890625 0.4134615384615385 0.07932692307692313 0.20673076923076927
12 0.84375 0.07692307692307693 0.05769230769230771 0.125
9 0.6887019230769231 0.328125 0.06490384615384615 0.13701923076923073
9 0.8966346153846154 0.5600961538461539 0.07692307692307698 0.13942307692307693
7 0.8569711538461537 0.14423076923076922 0.060096153846153855 0.14903846153846154
7 0.9194711538461539 0.6838942307692308 0.07451923076923084 0.1466346153846153
10 0.7668269230769231 0.15504807692307693 0.04807692307692302 0.0985576923076923
10 0.7860576923076923 0.33653846153846156 0.05769230769230771 0.10576923076923078
10 0.8100961538461539 0.6862980769230769 0.0625 0.12259615384615385
10 0.7884615384615384 0.4435096153846154 0.05769230769230771 0.11298076923076922
10 0.6153846153846154 0.07091346153846154 0.04807692307692302 0.10817307692307693
10 0.6165865384615385 0.23798076923076922 0.050480769230769273 0.1105769230769231
10 0.6105769230769231 0.5685096153846154 0.05288461538461531 0.11298076923076927
