11 0.24759615384615385 0.18028846153846154 0.0769230769230769 0.17307692307692307
2 0.7716346153846154 0.2620192307692308 0.08173076923076927 0.2019230769230769
1 0.6478365384615385 0.051682692307692304 0.055288461538461564 0.10336538461538461
6 0.7319711538461537 0.04927884615384615 0.060096153846153855 0.0985576923076923
4 0.6802884615384616 0.31009615384615385 0.05288461538461542 0.10576923076923078
6 0.8497596153846154 0.7740384615384615 0.08413461538461542 0.14423076923076927
4 0.7379807692307693 0.7764423076923077 0.06730769230769229 0.11538461538461542
3 0.640625 0.6466346153846154 0.06971153846153855 0.13942307692307698
3 0.6009615384615384 0.3076923076923077 0.05769230769230771 0.13942307692307693
5 0.5072115384615384 0.3894230769230769 0.06730769230769229 0.1826923076923077
4 0.5276442307692308 0.6526442307692308 0.060096153846153855 0.11778846153846156
4 0.5889423076923077 0.5228365384615385 0.05288461538461542 0.11778846153846156
4 0.5685096153846154 0.13100961538461536 0.04567307692307698 0.10336538461538461
4 0.4963942307692308 0.04807692307692308 0.04086538461538469 0.09615384615384616
4 0.5012019230769231 0.2247596153846154 0.050480769230769273 0.10817307692307693
4 0.33653846153846156 0.42427884615384615 0.04807692307692307 0.11298076923076922
1 0.33774038461538464 0.515625 0.060096153846153855 0.14663461538461542
8 0.12860576923076922 0.37620192307692313 0.07451923076923077 0.20432692307692307
12 0.1670673076923077 0.051682692307692304 0.055288461538461536 0.10336538461538461
9 0.3293269230769231 0.29447115384615385 0.0625 0.13701923076923075
9 0.12620192307692307 0.5240384615384616 0.07451923076923077 0.13942307692307693
7 0.15625 0.10576923076923077 0.05769230769230771 0.14903846153846154
7 0.10697115384615384 0.6454326923076923 0.06971153846153846 0.14663461538461542
10 0.24879807692307693 0.1201923076923077 0.0456730769230769 0.09615384615384617
10 0.23197115384615385 0.3004807692307693 0.055288461538461564 0.10576923076923078
10 0.21634615384615385 0.6514423076923077 0.0625 0.12019230769230771
10 0.23197115384615385 0.40865384615384615 0.055288461538461564 0.11057692307692307
10 0.39783653846153844 0.046875 0.05048076923076922 0.09375
10 0.4002403846153846 0.20673076923076922 0.04567307692307693 0.1105769230769231
10 0.4122596153846154 0.5348557692307693 0.05048076923076922 0.11298076923076922
