2 0.27283653846153844 0.5973557692307692 0.08894230769230768 0.2091346153846153
6 0.15745192307692307 0.7463942307692307 0.07932692307692307 0.1514423076923077
3 0.5516826923076923 0.375 0.07932692307692313 0.13942307692307687
5 0.390625 0.2860576923076923 0.06971153846153844 0.18749999999999997
4 0.3088942307692308 0.21875 0.055288461538461564 0.12019230769230771
4 0.46875 0.2908653846153846 0.05288461538461542 0.11057692307692307
4 0.3689903846153846 0.5048076923076923 0.05048076923076922 0.11538461538461536
12 0.35216346153846156 0.7175480769230769 0.07451923076923078 0.1466346153846153
9 0.47475961538461536 0.11899038461538462 0.06490384615384615 0.1466346153846154
8 0.7211538461538461 0.34375 0.07692307692307687 0.20673076923076925
12 0.7728365384615385 0.038461538461538464 0.060096153846153855 0.07692307692307693
11 0.6274038461538461 0.26802884615384615 0.05769230769230771 0.18028846153846154
10 0.5504807692307693 0.28365384615384615 0.05769230769230771 0.12019230769230768
10 0.6971153846153846 0.042067307692307696 0.05288461538461542 0.08413461538461539
10 0.7007211538461539 0.18629807692307693 0.05528846153846145 0.11298076923076922
10 0.734375 0.5865384615384616 0.060096153846153744 0.11538461538461542
