2 0.21274038461538464 0.5985576923076923 0.09375000000000003 0.2259615384615385
6 0.08653846153846154 0.7620192307692308 0.08653846153846155 0.16346153846153844
3 0.5180288461538461 0.3581730769230769 0.08413461538461542 0.15384615384615385
5 0.3473557692307693 0.2620192307692308 0.07451923076923078 0.2019230769230769
4 0.2620192307692308 0.1923076923076923 0.0625 0.1298076923076923
4 0.4314903846153846 0.2692307692307692 0.05528846153846151 0.12019230769230768
4 0.3185096153846154 0.49759615384615385 0.05528846153846151 0.125
12 0.29567307692307687 0.7283653846153846 0.07692307692307693 0.15865384615384615
9 0.4423076923076923 0.08293269230769232 0.06730769230769229 0.15625
8 0.6995192307692308 0.32091346153846156 0.08173076923076927 0.22355769230769232
12 0.7620192307692307 0.018028846153846152 0.06730769230769229 0.036057692307692304
11 0.6009615384615384 0.24158653846153846 0.0625 0.1947115384615385
10 0.5192307692307693 0.25961538461538464 0.06250000000000006 0.12980769230769232
10 0.6826923076923077 0.021634615384615384 0.05769230769230771 0.04326923076923077
10 0.6826923076923077 0.15384615384615385 0.05769230769230771 0.12019230769230768
10 0.7079326923076923 0.5829326923076923 0.06490384615384615 0.12259615384615385
