2 0.7524038461538463 0.5793269230769231 0.09134615384615385 0.21634615384615385
6 0.8737980769230769 0.7319711538461539 0.08413461538461531 0.15625
3 0.46033653846153844 0.3605769230769231 0.07932692307692307 0.14423076923076927
5 0.625 0.2620192307692308 0.07211538461538458 0.19230769230769232
4 0.7079326923076923 0.18990384615384615 0.055288461538461564 0.125
4 0.5432692307692308 0.2704326923076923 0.05288461538461531 0.11298076923076925
4 0.6514423076923077 0.4879807692307693 0.05288461538461542 0.12019230769230776
12 0.671875 0.7079326923076923 0.07451923076923084 0.1514423076923077
9 0.5348557692307692 0.09254807692307693 0.06490384615384615 0.1514423076923077
8 0.2824519230769231 0.33533653846153844 0.0793269230769231 0.21394230769230768
12 0.2235576923076923 0.030048076923076924 0.06249999999999997 0.06009615384615385
11 0.3786057692307692 0.2512019230769231 0.060096153846153855 0.18509615384615385
10 0.4579326923076923 0.2668269230769231 0.060096153846153855 0.125
10 0.3028846153846154 0.03365384615384615 0.057692307692307654 0.0673076923076923
10 0.3016826923076923 0.171875 0.05528846153846151 0.11778846153846155
10 0.27403846153846156 0.5877403846153846 0.06250000000000003 0.11778846153846156
