6 0.13221153846153846 0.7824519230769231 0.07692307692307693 0.1466346153846153
2 0.32572115384615385 0.7355769230769231 0.08413461538461542 0.21634615384615385
5 0.3918269230769231 0.3076923076923077 0.07211538461538458 0.1826923076923077
4 0.3076923076923077 0.23317307692307693 0.05288461538461536 0.11057692307692304
4 0.36177884615384615 0.53125 0.060096153846153855 0.11538461538461542
4 0.4735576923076923 0.3125 0.05288461538461536 0.11538461538461542
8 0.640625 0.3810096153846154 0.07932692307692313 0.20432692307692307
12 0.8221153846153846 0.21514423076923078 0.06730769230769229 0.12740384615384617
10 0.7247596153846154 0.052884615384615384 0.060096153846153855 0.10576923076923077
10 0.6358173076923077 0.1502403846153846 0.055288461538461564 0.11298076923076922
10 0.5600961538461539 0.3161057692307693 0.05288461538461542 0.11298076923076922
10 0.7403846153846154 0.6490384615384616 0.0625 0.1298076923076923
