6 0.171875 0.7824519230769231 0.07932692307692307 0.14182692307692302
2 0.359375 0.7415865384615384 0.08413461538461542 0.20913461538461542
5 0.41466346153846156 0.32572115384615385 0.07451923076923078 0.17548076923076922
4 0.3293269230769231 0.25240384615384615 0.05288461538461542 0.10576923076923078
4 0.390625 0.5432692307692307 0.060096153846153855 0.11057692307692307
4 0.4951923076923077 0.3341346153846154 0.05288461538461542 0.11057692307692307
8 0.6586538461538461 0.40384615384615385 0.08173076923076916 0.19711538461538458
12 0.8305288461538461 0.2451923076923077 0.06971153846153855 0.12500000000000003
10 0.7331730769230769 0.08413461538461539 0.0576923076923076 0.10576923076923078
10 0.6478365384615385 0.1778846153846154 0.055288461538461564 0.11057692307692309
10 0.578125 0.3377403846153846 0.05528846153846145 0.10817307692307693
10 0.7620192307692307 0.6670673076923077 0.0625 0.12259615384615385
