2 0.21754807692307693 0.2860576923076923 0.08413461538461542 0.19711538461538464
5 0.4699519230769231 0.40865384615384615 0.06971153846153844 0.17788461538461542
1 0.3425480769230769 0.06490384615384616 0.060096153846153855 0.12980769230769232
6 0.2596153846153846 0.06370192307692307 0.05288461538461536 0.11778846153846154
6 0.1310096153846154 0.7788461538461539 0.08413461538461538 0.13942307692307687
4 0.2391826923076923 0.7788461538461539 0.06490384615384615 0.11538461538461542
3 0.3449519230769231 0.6442307692307692 0.07451923076923073 0.15384615384615385
3 0.3858173076923077 0.3221153846153846 0.060096153846153855 0.13942307692307693
4 0.30528846153846156 0.328125 0.05288461538461536 0.10336538461538458
4 0.4158653846153846 0.15504807692307693 0.04807692307692307 0.10336538461538461
4 0.4807692307692307 0.24278846153846154 0.04807692307692307 0.10576923076923078
4 0.3798076923076923 0.5276442307692308 0.05288461538461536 0.11298076923076927
4 0.44591346153846156 0.6550480769230769 0.05528846153846151 0.11298076923076927
4 0.6382211538461539 0.4314903846153846 0.05048076923076916 0.09855769230769235
1 0.6334134615384615 0.5264423076923077 0.060096153846153855 0.14423076923076922
10 0.7295673076923077 0.14423076923076922 0.04567307692307687 0.10576923076923077
11 0.7235576923076923 0.19831730769230768 0.0625 0.17067307692307693
8 0.8365384615384616 0.38341346153846156 0.07692307692307687 0.1947115384615385
9 0.8353365384615384 0.5276442307692307 0.07932692307692313 0.14182692307692307
7 0.8185096153846154 0.12620192307692307 0.06971153846153844 0.13701923076923078
7 0.8521634615384615 0.6478365384615384 0.06971153846153844 0.14182692307692313
9 0.6430288461538463 0.3076923076923077 0.06490384615384615 0.1346153846153846
12 0.8076923076923077 0.0625 0.06730769230769229 0.125
10 0.5865384615384616 0.06009615384615385 0.04807692307692313 0.11057692307692309
10 0.578125 0.2283653846153846 0.05048076923076916 0.11057692307692307
10 0.7403846153846154 0.3173076923076923 0.05288461538461542 0.10576923076923078
10 0.7391826923076923 0.4206730769230769 0.060096153846153855 0.10576923076923073
10 0.7475961538461539 0.6514423076923077 0.0625 0.11538461538461542
10 0.5612980769230769 0.5456730769230769 0.050480769230769273 0.11057692307692307
