2 0.234375 0.3004807692307693 0.08413461538461539 0.19711538461538464
5 0.4879807692307693 0.42427884615384615 0.06730769230769235 0.17548076923076916
1 0.35096153846153844 0.078125 0.057692307692307654 0.13701923076923078
6 0.26802884615384615 0.08173076923076923 0.055288461538461536 0.11538461538461539
6 0.1658653846153846 0.7872596153846154 0.08173076923076922 0.13701923076923073
4 0.2728365384615385 0.7848557692307692 0.06490384615384617 0.11298076923076927
3 0.3737980769230769 0.6550480769230769 0.07451923076923073 0.1514423076923076
3 0.4026442307692308 0.3377403846153846 0.060096153846153855 0.13701923076923078
4 0.3221153846153846 0.34375 0.04807692307692307 0.10096153846153844
4 0.4254807692307693 0.17307692307692307 0.04807692307692307 0.10096153846153848
4 0.49278846153846156 0.25841346153846156 0.04807692307692313 0.10336538461538464
4 0.4026442307692307 0.5408653846153846 0.05048076923076922 0.11057692307692307
4 0.4699519230769231 0.6658653846153846 0.055288461538461564 0.11057692307692302
4 0.6526442307692308 0.44591346153846156 0.050480769230769273 0.09855769230769235
1 0.6538461538461539 0.5408653846153846 0.0625 0.14423076923076927
10 0.7331730769230769 0.16346153846153846 0.04807692307692302 0.10576923076923078
11 0.7295673076923077 0.21754807692307693 0.060096153846153855 0.1658653846153846
8 0.8485576923076923 0.40024038461538464 0.07692307692307687 0.18990384615384615
9 0.8509615384615384 0.5420673076923077 0.07692307692307687 0.13701923076923084
7 0.8209134615384615 0.14663461538461536 0.06971153846153844 0.1346153846153846
7 0.8725961538461539 0.6598557692307692 0.06730769230769229 0.13701923076923073
9 0.6550480769230769 0.3245192307692308 0.06490384615384615 0.1298076923076923
12 0.8076923076923077 0.08052884615384615 0.06730769230769229 0.12740384615384615
10 0.5913461538461539 0.08052884615384615 0.04807692307692313 0.10817307692307691
10 0.5877403846153846 0.24639423076923078 0.050480769230769273 0.1081730769230769
10 0.75 0.33533653846153844 0.05288461538461542 0.10336538461538464
10 0.7524038461538461 0.43509615384615385 0.05769230769230771 0.10576923076923078
10 0.7704326923076923 0.6646634615384615 0.06490384615384615 0.11298076923076927
10 0.5829326923076923 0.5588942307692308 0.05048076923076916 0.10817307692307698
