2 0.7980769230769231 0.28846153846153844 0.08653846153846156 0.20192307692307693
5 0.5420673076923077 0.41346153846153844 0.06971153846153844 0.18269230769230765
1 0.671875 0.06850961538461539 0.060096153846153744 0.12259615384615385
6 0.7572115384615384 0.0673076923076923 0.05769230769230771 0.11538461538461539
6 0.8882211538461539 0.7896634615384616 0.08413461538461542 0.14182692307692313
4 0.7788461538461539 0.7872596153846154 0.06730769230769229 0.11778846153846156
3 0.6694711538461539 0.6526442307692307 0.07451923076923084 0.15625
3 0.6274038461538461 0.32572115384615385 0.0625 0.14182692307692307
4 0.7091346153846154 0.3317307692307693 0.05288461538461542 0.10576923076923078
4 0.5973557692307692 0.15625 0.050480769230769273 0.10576923076923078
4 0.53125 0.2439903846153846 0.04807692307692313 0.10817307692307693
4 0.6346153846153846 0.5348557692307693 0.05288461538461542 0.11298076923076922
4 0.5685096153846154 0.6658653846153846 0.055288461538461564 0.11538461538461542
4 0.3713942307692307 0.4362980769230769 0.05048076923076922 0.10336538461538458
1 0.375 0.5348557692307692 0.0625 0.1466346153846153
10 0.2800480769230769 0.14302884615384615 0.050480769230769273 0.10817307692307691
11 0.2860576923076923 0.19951923076923075 0.0625 0.17307692307692307
8 0.17067307692307693 0.3870192307692307 0.07692307692307693 0.19711538461538464
9 0.171875 0.5324519230769231 0.07932692307692307 0.14182692307692302
7 0.1875 0.125 0.07211538461538464 0.13942307692307693
7 0.15504807692307693 0.65625 0.06971153846153845 0.14423076923076916
9 0.36658653846153844 0.3088942307692308 0.0649038461538462 0.13701923076923075
12 0.19951923076923078 0.06370192307692307 0.06730769230769232 0.12259615384615384
10 0.42427884615384615 0.06009615384615385 0.05048076923076922 0.11057692307692309
10 0.4314903846153846 0.22956730769230768 0.05048076923076922 0.11298076923076922
10 0.2692307692307692 0.32091346153846156 0.05288461538461539 0.10817307692307693
10 0.2692307692307692 0.42427884615384615 0.05769230769230768 0.10817307692307693
10 0.2608173076923077 0.6598557692307692 0.06490384615384617 0.11778846153846156
10 0.4495192307692307 0.5504807692307692 0.05288461538461536 0.11057692307692302
