9 0.7848557692307692 0.640625 0.07451923076923073 0.16586538461538458
2 0.23677884615384615 0.296875 0.08894230769230768 0.2091346153846154
6 0.4326923076923077 0.06850961538461539 0.0625 0.13701923076923078
1 0.5036057692307692 0.21995192307692307 0.06490384615384615 0.1514423076923077
4 0.5913461538461539 0.16947115384615385 0.05288461538461542 0.10817307692307693
4 0.3245192307692307 0.34134615384615385 0.05288461538461536 0.11538461538461542
4 0.4110576923076923 0.5372596153846154 0.05769230769230771 0.12259615384615385
4 0.4795673076923077 0.6682692307692307 0.0600961538461538 0.12019230769230771
9 0.5721153846153846 0.6478365384615384 0.07692307692307698 0.1610576923076923
7 0.5769230769230769 0.4230769230769231 0.0673076923076924 0.15865384615384615
8 0.8569711538461539 0.2920673076923077 0.08413461538461542 0.2139423076923077
12 0.5733173076923077 0.06490384615384616 0.060096153846153855 0.12980769230769232
11 0.6670673076923077 0.13581730769230768 0.06490384615384615 0.18028846153846154
10 0.7415865384615385 0.15504807692307693 0.055288461538461564 0.11298076923076923
10 0.7608173076923077 0.3329326923076923 0.06490384615384615 0.11298076923076922
10 0.6694711538461537 0.3233173076923077 0.060096153846153855 0.11778846153846151
10 0.6682692307692307 0.5552884615384616 0.0625 0.12980769230769235
