9 0.2512019230769231 0.6598557692307692 0.07451923076923075 0.1658653846153847
2 0.7776442307692307 0.33052884615384615 0.08894230769230771 0.2091346153846154
6 0.5697115384615384 0.0985576923076923 0.0625 0.1346153846153846
1 0.5072115384615384 0.24759615384615385 0.0625 0.14903846153846156
4 0.4170673076923077 0.19471153846153846 0.05528846153846151 0.11057692307692307
4 0.6935096153846154 0.37259615384615385 0.050480769230769273 0.11538461538461542
4 0.6177884615384616 0.5649038461538461 0.05769230769230771 0.125
4 0.5540865384615385 0.6935096153846154 0.060096153846153855 0.12259615384615385
9 0.4627403846153846 0.671875 0.07451923076923078 0.1610576923076923
7 0.44591346153846156 0.4483173076923077 0.0649038461538462 0.1610576923076923
8 0.15865384615384615 0.3112980769230769 0.08173076923076925 0.2139423076923077
12 0.42908653846153844 0.09014423076923077 0.0600961538461538 0.13221153846153846
11 0.34134615384615385 0.15985576923076922 0.0625 0.18509615384615385
10 0.26802884615384615 0.17668269230769232 0.055288461538461536 0.11298076923076923
10 0.25841346153846156 0.3545673076923077 0.06490384615384617 0.11298076923076922
10 0.34975961538461536 0.34615384615384615 0.060096153846153855 0.12019230769230771
10 0.3629807692307692 0.5769230769230769 0.0625 0.1298076923076924
