9 0.2536057692307693 0.6478365384615384 0.07451923076923078 0.17067307692307687
2 0.8100961538461539 0.27884615384615385 0.08653846153846145 0.21634615384615385
6 0.5997596153846154 0.05889423076923077 0.060096153846153855 0.11778846153846154
1 0.5300480769230769 0.20552884615384615 0.060096153846153855 0.15625
4 0.43990384615384615 0.15264423076923078 0.05288461538461542 0.11298076923076923
4 0.7199519230769231 0.3269230769230769 0.050480769230769273 0.12019230769230771
4 0.6370192307692307 0.53125 0.05769230769230771 0.1298076923076923
4 0.5685096153846154 0.6658653846153846 0.060096153846153855 0.125
9 0.4735576923076923 0.6478365384615384 0.07692307692307687 0.16586538461538458
7 0.46033653846153844 0.4170673076923077 0.0649038461538462 0.16586538461538464
8 0.16826923076923078 0.2884615384615385 0.08173076923076925 0.22115384615384617
12 0.4543269230769231 0.057692307692307696 0.05769230769230771 0.11538461538461539
11 0.3605769230769231 0.12139423076923077 0.0625 0.18990384615384617
10 0.2848557692307692 0.14302884615384615 0.055288461538461564 0.11778846153846154
10 0.2692307692307692 0.328125 0.0625 0.11778846153846156
10 0.3629807692307692 0.3161057692307692 0.05769230769230771 0.12259615384615385
10 0.3713942307692308 0.5552884615384616 0.060096153846153855 0.13461538461538464
