6 0.859375 0.7608173076923077 0.07932692307692313 0.14182692307692313
2 0.8209134615384616 0.5084134615384616 0.09855769230769229 0.20432692307692313
5 0.6009615384615384 0.29927884615384615 0.06730769230769229 0.18509615384615385
3 0.43509615384615385 0.40504807692307687 0.07211538461538458 0.14182692307692307
4 0.7079326923076923 0.4170673076923077 0.055288461538461564 0.11298076923076922
4 0.6814903846153846 0.23076923076923075 0.050480769230769273 0.11057692307692307
4 0.6274038461538461 0.5216346153846154 0.05769230769230771 0.12019230769230771
4 0.5168269230769231 0.3125 0.04807692307692302 0.11538461538461542
4 0.3533653846153846 0.06009615384615385 0.04807692307692307 0.11538461538461538
11 0.3557692307692308 0.2980769230769231 0.0625 0.1826923076923077
8 0.2596153846153846 0.37740384615384615 0.08173076923076922 0.20673076923076922
9 0.35216346153846156 0.5060096153846154 0.0600961538461538 0.15625000000000006
7 0.4411057692307692 0.6225961538461537 0.06971153846153844 0.15865384615384615
9 0.5048076923076923 0.13221153846153846 0.05769230769230771 0.1490384615384615
12 0.6526442307692308 0.7463942307692307 0.07932692307692302 0.15625
12 0.19230769230769232 0.055288461538461536 0.0625 0.11057692307692307
10 0.43028846153846156 0.31129807692307687 0.05288461538461536 0.10817307692307693
10 0.27163461538461536 0.052884615384615384 0.05288461538461539 0.10096153846153845
10 0.2752403846153846 0.21754807692307693 0.05528846153846151 0.1081730769230769
10 0.25600961538461536 0.6310096153846154 0.06490384615384612 0.12259615384615385
