6 0.8629807692307692 0.7512019230769231 0.08173076923076927 0.14182692307692302
2 0.8197115384615385 0.49879807692307687 0.10096153846153844 0.20432692307692307
5 0.5985576923076923 0.2920673076923077 0.06730769230769229 0.18509615384615385
3 0.43509615384615385 0.3954326923076923 0.07211538461538458 0.14182692307692307
4 0.7055288461538461 0.40865384615384615 0.05528846153846145 0.11057692307692307
4 0.6766826923076923 0.22355769230769232 0.05048076923076916 0.11057692307692307
4 0.6298076923076923 0.5120192307692307 0.05769230769230771 0.12019230769230765
4 0.5144230769230769 0.30408653846153844 0.04807692307692307 0.11298076923076922
4 0.3485576923076923 0.05769230769230769 0.05288461538461536 0.10576923076923077
11 0.3545673076923077 0.28725961538461536 0.06490384615384615 0.18028846153846154
8 0.25841346153846156 0.36778846153846156 0.08413461538461536 0.20673076923076922
9 0.3545673076923077 0.4939903846153846 0.06490384615384615 0.15624999999999994
7 0.4435096153846154 0.6105769230769231 0.06971153846153849 0.15865384615384615
9 0.5 0.125 0.0625 0.14903846153846156
12 0.6574519230769231 0.7355769230769231 0.07932692307692302 0.15384615384615385
12 0.18629807692307693 0.05048076923076923 0.060096153846153855 0.09615384615384615
10 0.42908653846153844 0.3016826923076923 0.05528846153846151 0.10817307692307693
10 0.265625 0.04927884615384616 0.055288461538461564 0.09375
10 0.27283653846153844 0.20793269230769232 0.055288461538461536 0.10817307692307693
10 0.2608173076923077 0.6201923076923077 0.06490384615384617 0.12019230769230771
