2 0.7728365384615385 0.3004807692307692 0.07451923076923073 0.1923076923076923
5 0.7067307692307692 0.4098557692307693 0.07211538461538469 0.17067307692307693
3 0.609375 0.34134615384615385 0.05528846153846145 0.13461538461538458
3 0.8137019230769231 0.546875 0.07932692307692302 0.1274038461538462
6 0.8509615384615384 0.7836538461538461 0.07692307692307687 0.1298076923076923
6 0.7295673076923077 0.08653846153846154 0.055288461538461564 0.1201923076923077
1 0.6490384615384616 0.0829326923076923 0.05288461538461542 0.13221153846153846
1 0.5192307692307692 0.3317307692307693 0.04807692307692302 0.13461538461538464
4 0.7415865384615385 0.7860576923076923 0.055288461538461564 0.11057692307692313
4 0.6838942307692308 0.3425480769230769 0.04567307692307698 0.10336538461538458
4 0.578125 0.17908653846153846 0.04086538461538458 0.10336538461538464
4 0.5072115384615384 0.09254807692307693 0.04326923076923078 0.0985576923076923
4 0.5144230769230769 0.2644230769230769 0.043269230769230727 0.10576923076923075
4 0.5997596153846154 0.5480769230769231 0.050480769230769273 0.10576923076923073
4 0.5432692307692308 0.6682692307692308 0.04807692307692302 0.11057692307692302
4 0.35697115384615385 0.453125 0.055288461538461564 0.10336538461538458
9 0.35216346153846156 0.328125 0.05528846153846151 0.13221153846153844
8 0.16346153846153846 0.4074519230769231 0.07211538461538464 0.19471153846153844
12 0.16346153846153846 0.546875 0.06730769230769229 0.1322115384615385
12 0.34615384615384615 0.7788461538461539 0.06730769230769229 0.13461538461538458
12 0.1983173076923077 0.0889423076923077 0.050480769230769246 0.11538461538461539
7 0.18629807692307693 0.1514423076923077 0.055288461538461536 0.14423076923076925
7 0.14182692307692307 0.6670673076923077 0.06730769230769229 0.14663461538461542
11 0.27524038461538464 0.21995192307692307 0.06971153846153846 0.16586538461538458
10 0.2752403846153846 0.16466346153846154 0.04086538461538464 0.09375
10 0.41346153846153844 0.08653846153846154 0.04326923076923078 0.10096153846153848
10 0.4182692307692307 0.24639423076923078 0.04326923076923078 0.10336538461538461
10 0.2596153846153846 0.3389423076923077 0.04807692307692307 0.10096153846153849
10 0.24639423076923078 0.6658653846153846 0.055288461538461564 0.11057692307692302
10 0.2608173076923077 0.43629807692307687 0.05528846153846151 0.10817307692307693
10 0.4278846153846154 0.5600961538461539 0.05288461538461536 0.11057692307692313
10 0.4483173076923077 0.7896634615384615 0.05528846153846151 0.11298076923076927
