11 0.6430288461538461 0.11658653846153846 0.08413461538461542 0.18990384615384615
7 0.8125 0.11538461538461539 0.07211538461538458 0.14423076923076922
12 0.8004807692307692 0.06009615384615385 0.07211538461538469 0.1201923076923077
8 0.8257211538461539 0.2776442307692308 0.08894230769230771 0.2139423076923077
9 0.7355769230769231 0.7896634615384615 0.09615384615384615 0.17548076923076927
10 0.7175480769230769 0.13341346153846154 0.06490384615384615 0.12740384615384615
10 0.7259615384615384 0.3137019230769231 0.0625 0.11778846153846156
10 0.7211538461538461 0.41947115384615385 0.06730769230769229 0.12259615384615385
10 0.6153846153846154 0.5504807692307693 0.06730769230769229 0.12019230769230776
2 0.1923076923076923 0.2776442307692307 0.09615384615384617 0.20913461538461536
1 0.37740384615384615 0.13221153846153846 0.06730769230769229 0.1490384615384615
3 0.7319711538461539 0.6274038461538461 0.08413461538461542 0.17307692307692313
3 0.6274038461538461 0.4182692307692307 0.07692307692307687 0.17307692307692307
6 0.40865384615384615 0.057692307692307696 0.06730769230769229 0.11538461538461539
6 0.46153846153846156 0.32091346153846156 0.07211538461538464 0.14182692307692307
4 0.5697115384615384 0.15625 0.05769230769230771 0.1201923076923077
4 0.2824519230769231 0.3221153846153846 0.055288461538461564 0.12019230769230765
4 0.41346153846153844 0.6598557692307692 0.06730769230769235 0.13221153846153844
4 0.35697115384615385 0.5276442307692308 0.06490384615384615 0.13221153846153844
