11 0.3485576923076923 0.14783653846153846 0.07692307692307693 0.1802884615384615
7 0.18629807692307693 0.14903846153846154 0.06490384615384615 0.13942307692307693
12 0.1983173076923077 0.09014423076923077 0.06490384615384617 0.12740384615384617
8 0.16706730769230768 0.30528846153846156 0.07932692307692307 0.20673076923076922
9 0.24158653846153844 0.7944711538461539 0.08894230769230768 0.16586538461538458
10 0.2764423076923077 0.1658653846153846 0.06250000000000003 0.1201923076923077
10 0.2620192307692308 0.3377403846153846 0.05769230769230771 0.11298076923076922
10 0.26322115384615385 0.43990384615384615 0.060096153846153855 0.12019230769230771
10 0.3629807692307692 0.5649038461538461 0.0625 0.11538461538461542
2 0.7740384615384615 0.2980769230769231 0.08653846153846156 0.20192307692307696
1 0.6021634615384615 0.1622596153846154 0.060096153846153855 0.14182692307692307
3 0.24759615384615385 0.640625 0.0769230769230769 0.16586538461538458
3 0.3533653846153846 0.43870192307692313 0.06730769230769235 0.16586538461538464
6 0.5745192307692307 0.078125 0.05769230769230771 0.12740384615384615
6 0.515625 0.34375 0.0649038461538462 0.13461538461538458
4 0.41947115384615385 0.18509615384615385 0.05048076923076922 0.11538461538461539
4 0.6887019230769231 0.34134615384615385 0.050480769230769273 0.11538461538461542
4 0.5516826923076923 0.6670673076923077 0.060096153846153855 0.12740384615384615
4 0.6105769230769231 0.5408653846153846 0.0576923076923076 0.12499999999999994
