9 0.1971153846153846 0.8353365384615384 0.09615384615384615 0.17067307692307687
7 0.40865384615384615 0.4519230769230769 0.07211538461538458 0.16826923076923073
11 0.3076923076923077 0.15264423076923078 0.06730769230769229 0.19471153846153846
8 0.1141826923076923 0.3161057692307692 0.08894230769230768 0.23798076923076925
12 0.14302884615384615 0.09014423076923078 0.06490384615384615 0.14182692307692307
10 0.2283653846153846 0.1778846153846154 0.057692307692307654 0.11538461538461538
10 0.21153846153846154 0.3545673076923077 0.0625 0.11778846153846151
10 0.21634615384615385 0.4591346153846154 0.06730769230769232 0.12019230769230771
10 0.3185096153846154 0.5889423076923077 0.06971153846153849 0.1298076923076923
2 0.7572115384615385 0.3112980769230769 0.09615384615384615 0.2283653846153846
6 0.5456730769230769 0.08774038461538461 0.0576923076923076 0.13701923076923078
6 0.3125 0.3605769230769231 0.06730769230769229 0.14423076923076927
3 0.3112980769230769 0.46033653846153844 0.07451923076923073 0.1610576923076923
3 0.20432692307692307 0.6778846153846154 0.07211538461538461 0.17307692307692302
1 0.4795673076923077 0.24639423076923078 0.06490384615384609 0.1658653846153846
4 0.3810096153846154 0.1875 0.05528846153846151 0.11538461538461536
4 0.6682692307692307 0.359375 0.05769230769230771 0.11298076923076927
4 0.5889423076923077 0.5697115384615384 0.0625 0.1298076923076923
4 0.5240384615384616 0.7067307692307693 0.0625 0.125
