9 0.25 0.8497596153846154 0.10096153846153844 0.17548076923076927
7 0.45552884615384615 0.46634615384615385 0.07451923076923078 0.17307692307692313
11 0.3485576923076923 0.15985576923076925 0.07211538461538464 0.19951923076923078
8 0.15625 0.32091346153846156 0.09134615384615385 0.2427884615384615
12 0.18028846153846154 0.09134615384615385 0.07211538461538464 0.14423076923076922
10 0.2692307692307692 0.18269230769230768 0.0625 0.1201923076923077
10 0.2536057692307692 0.36177884615384615 0.06490384615384615 0.11778846153846156
10 0.26322115384615385 0.4675480769230769 0.06971153846153846 0.12259615384615385
10 0.36778846153846156 0.6009615384615384 0.07211538461538464 0.13461538461538458
2 0.8052884615384615 0.3341346153846154 0.10096153846153844 0.23557692307692307
6 0.5877403846153846 0.10216346153846154 0.060096153846153855 0.13701923076923078
6 0.3581730769230769 0.3701923076923077 0.07211538461538458 0.1490384615384615
3 0.35697115384615385 0.47115384615384615 0.07932692307692307 0.1634615384615385
3 0.25240384615384615 0.6887019230769231 0.07692307692307696 0.17548076923076927
1 0.5228365384615384 0.2608173076923077 0.06971153846153849 0.17067307692307693
4 0.4230769230769231 0.1971153846153846 0.05769230769230771 0.12019230769230765
4 0.7175480769230769 0.3798076923076923 0.060096153846153855 0.11538461538461536
4 0.640625 0.5901442307692308 0.06490384615384626 0.13221153846153844
4 0.5769230769230769 0.7259615384615384 0.0673076923076924 0.1298076923076923
