9 0.25841346153846156 0.7800480769230769 0.09855769230769232 0.17067307692307698
7 0.45552884615384615 0.39783653846153844 0.07451923076923078 0.16586538461538464
11 0.3485576923076923 0.10817307692307693 0.07211538461538464 0.1923076923076923
8 0.1658653846153846 0.27403846153846156 0.09134615384615384 0.23557692307692307
12 0.18990384615384615 0.0625 0.07211538461538461 0.125
10 0.2740384615384615 0.1358173076923077 0.05769230769230768 0.11778846153846154
10 0.25961538461538464 0.31009615384615385 0.06250000000000003 0.11538461538461542
10 0.2692307692307692 0.4122596153846154 0.06730769230769229 0.11778846153846151
10 0.3713942307692308 0.5336538461538461 0.06971153846153844 0.1298076923076923
2 0.7932692307692308 0.24759615384615385 0.10096153846153844 0.22596153846153846
6 0.5829326923076923 0.052884615384615384 0.060096153846153855 0.10576923076923077
6 0.36177884615384615 0.3112980769230769 0.06971153846153844 0.14663461538461542
3 0.359375 0.40865384615384615 0.07451923076923073 0.15865384615384615
3 0.2608173076923077 0.6262019230769231 0.07451923076923075 0.17067307692307698
1 0.5204326923076923 0.19471153846153846 0.06971153846153849 0.1634615384615385
4 0.4230769230769231 0.13942307692307693 0.05769230769230771 0.11538461538461538
4 0.7091346153846154 0.2980769230769231 0.05769230769230771 0.1105769230769231
4 0.6346153846153846 0.5060096153846154 0.0625 0.12740384615384615
4 0.5733173076923077 0.6430288461538463 0.06490384615384615 0.12259615384615385
