5 0.18629807692307693 0.2776442307692307 0.07932692307692307 0.17548076923076922
2 0.1778846153846154 0.3545673076923077 0.08173076923076922 0.20432692307692307
1 0.2079326923076923 0.18990384615384617 0.055288461538461536 0.13942307692307693
1 0.1622596153846154 0.49278846153846156 0.06490384615384615 0.13942307692307693
3 0.22475961538461536 0.10697115384615385 0.06009615384615383 0.12740384615384615
3 0.13822115384615385 0.6165865384615385 0.07932692307692309 0.13221153846153844
6 0.2283653846153846 0.04567307692307693 0.05288461538461536 0.08653846153846154
6 0.12379807692307693 0.7451923076923077 0.07451923076923078 0.13461538461538458
4 0.23197115384615385 0.75 0.055288461538461564 0.11057692307692313
4 0.24879807692307693 0.6201923076923077 0.055288461538461564 0.10576923076923084
4 0.2608173076923077 0.5084134615384616 0.05528846153846151 0.10336538461538464
4 0.27403846153846156 0.3954326923076923 0.04807692307692307 0.10336538461538464
4 0.28966346153846156 0.2920673076923077 0.04567307692307693 0.10336538461538461
4 0.3028846153846154 0.20673076923076922 0.04807692307692307 0.10096153846153844
4 0.31009615384615385 0.11899038461538462 0.04326923076923078 0.09855769230769232
4 0.3161057692307693 0.04206730769230769 0.04086538461538464 0.07451923076923077
11 0.8209134615384615 0.26802884615384615 0.06971153846153844 0.18028846153846154
8 0.8389423076923077 0.36177884615384615 0.07211538461538458 0.20913461538461542
7 0.8185096153846154 0.18990384615384617 0.055288461538461564 0.13942307692307693
7 0.8533653846153846 0.49759615384615385 0.0625 0.1490384615384615
9 0.8112980769230769 0.109375 0.060096153846153855 0.13221153846153844
9 0.8557692307692308 0.6382211538461539 0.07211538461538469 0.14182692307692313
12 0.7992788461538461 0.05048076923076923 0.05528846153846145 0.07211538461538461
12 0.875 0.7728365384615384 0.07692307692307687 0.14663461538461542
10 0.7211538461538461 0.04567307692307692 0.04807692307692313 0.0673076923076923
10 0.7235576923076923 0.11899038461538462 0.04807692307692313 0.09855769230769232
10 0.7235576923076923 0.21033653846153846 0.04807692307692313 0.10336538461538464
10 0.7283653846153846 0.2980769230769231 0.05288461538461542 0.10576923076923075
10 0.7307692307692307 0.40865384615384615 0.05769230769230771 0.11057692307692307
10 0.7403846153846154 0.5180288461538461 0.05769230769230771 0.10817307692307687
10 0.7415865384615385 0.6274038461538461 0.055288461538461564 0.11538461538461542
10 0.7512019230769231 0.7572115384615384 0.055288461538461564 0.12019230769230771
