5 0.7896634615384616 0.28125 0.07932692307692313 0.16826923076923075
2 0.7932692307692308 0.3557692307692307 0.08653846153846156 0.19711538461538464
1 0.7716346153846154 0.19711538461538464 0.05769230769230771 0.1346153846153846
1 0.8064903846153846 0.4879807692307693 0.06490384615384615 0.13461538461538464
3 0.7572115384615384 0.11658653846153846 0.0625 0.12259615384615385
3 0.8257211538461539 0.6069711538461537 0.07932692307692313 0.12740384615384615
6 0.7548076923076923 0.04927884615384615 0.05288461538461542 0.0985576923076923
6 0.8365384615384616 0.7307692307692307 0.07692307692307687 0.1298076923076923
4 0.7307692307692307 0.7355769230769231 0.05769230769230771 0.10576923076923073
4 0.71875 0.609375 0.05769230769230771 0.10336538461538458
4 0.7103365384615385 0.5024038461538461 0.055288461538461564 0.10096153846153849
4 0.6995192307692308 0.3954326923076923 0.04807692307692302 0.09855769230769229
4 0.6899038461538461 0.29447115384615385 0.04807692307692313 0.09855769230769232
4 0.6790865384615385 0.21153846153846156 0.050480769230769273 0.09615384615384617
4 0.6742788461538461 0.12740384615384615 0.04567307692307687 0.09615384615384615
4 0.6706730769230769 0.04567307692307692 0.043269230769230727 0.09134615384615384
11 0.17908653846153844 0.27403846153846156 0.06971153846153846 0.17307692307692307
8 0.15985576923076922 0.3629807692307693 0.07451923076923077 0.20192307692307693
7 0.18389423076923078 0.19711538461538464 0.055288461538461536 0.1346153846153846
7 0.140625 0.49278846153846156 0.06490384615384615 0.14423076923076922
9 0.19230769230769232 0.11899038461538461 0.0625 0.12740384615384615
9 0.1346153846153846 0.6286057692307692 0.07211538461538462 0.13701923076923073
12 0.20552884615384615 0.04927884615384615 0.055288461538461536 0.0985576923076923
12 0.11298076923076922 0.7584134615384616 0.07692307692307691 0.14182692307692313
10 0.27884615384615385 0.04567307692307692 0.04807692307692307 0.09134615384615384
10 0.2776442307692307 0.12860576923076922 0.05048076923076922 0.09374999999999999
10 0.27403846153846156 0.21634615384615385 0.04807692307692307 0.10096153846153846
10 0.265625 0.3016826923076923 0.055288461538461564 0.10336538461538464
10 0.2608173076923077 0.40625 0.060096153846153855 0.10576923076923073
10 0.24759615384615385 0.5132211538461539 0.05769230769230771 0.10336538461538458
10 0.2451923076923077 0.6165865384615385 0.05769230769230771 0.11298076923076927
10 0.23076923076923078 0.7415865384615385 0.05769230769230771 0.11778846153846156
