5 0.7800480769230769 0.28365384615384615 0.07932692307692302 0.1730769230769231
2 0.7836538461538461 0.36177884615384615 0.08653846153846145 0.20432692307692307
1 0.7596153846153846 0.1971153846153846 0.05769230769230771 0.13942307692307693
1 0.796875 0.5 0.06490384615384626 0.13942307692307687
3 0.7439903846153846 0.11418269230769232 0.060096153846153855 0.12740384615384615
3 0.8209134615384616 0.6225961538461539 0.07932692307692313 0.13461538461538458
6 0.7391826923076923 0.054086538461538464 0.055288461538461564 0.08413461538461539
6 0.8317307692307692 0.7512019230769231 0.07692307692307698 0.13221153846153844
4 0.7235576923076923 0.7524038461538461 0.05769230769230771 0.11057692307692313
4 0.7103365384615385 0.6213942307692308 0.055288461538461564 0.10336538461538469
4 0.6983173076923077 0.5108173076923077 0.055288461538461564 0.10336538461538464
4 0.6875 0.39783653846153844 0.04807692307692313 0.10336538461538464
4 0.6754807692307692 0.2956730769230769 0.04807692307692302 0.10096153846153846
4 0.6646634615384615 0.2091346153846154 0.050480769230769273 0.10096153846153849
4 0.6574519230769231 0.12139423076923077 0.04567307692307698 0.09855769230769232
4 0.6538461538461539 0.04807692307692308 0.04326923076923084 0.07211538461538462
11 0.14783653846153846 0.2536057692307692 0.06971153846153845 0.18028846153846154
8 0.12860576923076922 0.34615384615384615 0.07451923076923077 0.20673076923076925
7 0.1502403846153846 0.17427884615384615 0.05528846153846155 0.13701923076923078
7 0.11057692307692307 0.4795673076923077 0.06730769230769229 0.14663461538461542
9 0.15865384615384615 0.09495192307692309 0.0625 0.13221153846153846
9 0.10576923076923077 0.6213942307692308 0.07211538461538461 0.14182692307692302
12 0.17067307692307693 0.037259615384615384 0.05769230769230771 0.06971153846153845
12 0.08653846153846154 0.7536057692307692 0.07692307692307693 0.1466346153846153
10 0.25 0.037259615384615384 0.0480769230769231 0.06490384615384616
10 0.24879807692307693 0.10817307692307693 0.050480769230769246 0.09615384615384615
10 0.24519230769230768 0.1983173076923077 0.04807692307692307 0.10336538461538461
10 0.23798076923076922 0.2872596153846154 0.05288461538461539 0.10336538461538464
10 0.234375 0.3954326923076923 0.060096153846153855 0.10817307692307693
10 0.22235576923076922 0.5036057692307693 0.06009615384615383 0.10817307692307693
10 0.21995192307692307 0.6129807692307692 0.055288461538461536 0.11538461538461531
10 0.20673076923076922 0.7427884615384616 0.05769230769230768 0.12019230769230771
