11 0.3088942307692307 0.10336538461538462 0.07932692307692307 0.19230769230769232
12 0.15264423076923078 0.05889423076923077 0.07451923076923075 0.11778846153846154
7 0.14302884615384615 0.10817307692307693 0.06971153846153846 0.15384615384615385
8 0.12379807692307693 0.27524038461538464 0.08413461538461538 0.21875000000000003
9 0.2139423076923077 0.7884615384615384 0.09134615384615385 0.17307692307692313
10 0.234375 0.12259615384615385 0.060096153846153855 0.11538461538461538
10 0.22235576923076922 0.3076923076923077 0.06009615384615383 0.11538461538461536
10 0.2259615384615385 0.4122596153846154 0.06730769230769232 0.11778846153846151
10 0.33653846153846156 0.546875 0.06730769230769235 0.1225961538461538
2 0.7692307692307692 0.2644230769230769 0.09615384615384615 0.21634615384615385
6 0.5528846153846154 0.051682692307692304 0.06730769230769229 0.10336538461538461
1 0.484375 0.19230769230769232 0.06971153846153849 0.1634615384615385
6 0.49158653846153844 0.3125 0.06971153846153849 0.1346153846153846
3 0.3245192307692307 0.40745192307692313 0.08173076923076922 0.17067307692307693
3 0.21153846153846154 0.6298076923076923 0.08173076923076922 0.16826923076923084
4 0.38822115384615385 0.1358173076923077 0.055288461538461564 0.11778846153846154
4 0.5336538461538461 0.6550480769230769 0.0625 0.12259615384615385
4 0.6778846153846154 0.31009615384615385 0.05769230769230771 0.12019230769230771
4 0.6021634615384615 0.5216346153846154 0.060096153846153855 0.12019230769230771
