11 0.3473557692307693 0.12620192307692307 0.07451923076923078 0.18990384615384615
12 0.19711538461538464 0.07091346153846154 0.06730769230769232 0.13701923076923078
7 0.18509615384615385 0.13221153846153846 0.06730769230769232 0.15384615384615385
8 0.16105769230769232 0.2980769230769231 0.08173076923076923 0.21634615384615385
9 0.23076923076923078 0.8004807692307692 0.09134615384615385 0.17307692307692302
10 0.2740384615384615 0.1454326923076923 0.05769230769230768 0.11778846153846154
10 0.25600961538461536 0.328125 0.055288461538461536 0.11298076923076927
10 0.2572115384615385 0.4314903846153846 0.06730769230769232 0.11778846153846151
10 0.359375 0.5612980769230769 0.06490384615384615 0.12259615384615385
2 0.7956730769230769 0.2752403846153846 0.09134615384615385 0.21394230769230765
6 0.5901442307692308 0.06009615384615385 0.06490384615384615 0.1201923076923077
1 0.5180288461538461 0.2091346153846154 0.0649038461538462 0.1634615384615385
6 0.5216346153846154 0.3293269230769231 0.06730769230769235 0.13461538461538458
3 0.3533653846153846 0.4230769230769231 0.07692307692307693 0.16826923076923073
3 0.23557692307692307 0.6454326923076923 0.07692307692307696 0.16586538461538458
4 0.4278846153846154 0.15504807692307693 0.05288461538461536 0.11778846153846152
4 0.5504807692307693 0.6646634615384615 0.0625 0.12259615384615385
4 0.7043269230769231 0.3221153846153846 0.0576923076923076 0.12019230769230765
4 0.6225961538461539 0.53125 0.05769230769230771 0.12019230769230771
