12 0.5829326923076923 0.2247596153846154 0.06490384615384615 0.13701923076923078
8 0.6730769230769231 0.39302884615384615 0.08173076923076927 0.2139423076923077
10 0.59375 0.3173076923076923 0.05769230769230771 0.12019230769230771
10 0.6730769230769231 0.1466346153846154 0.0576923076923076 0.11538461538461538
10 0.7644230769230769 0.06009615384615384 0.0576923076923076 0.10096153846153846
10 0.7704326923076923 0.671875 0.06490384615384615 0.12259615384615374
2 0.34134615384615385 0.7451923076923077 0.09134615384615385 0.22115384615384615
6 0.14182692307692307 0.78125 0.08653846153846155 0.14903846153846145
5 0.4170673076923077 0.2980769230769231 0.06971153846153849 0.1923076923076923
4 0.33052884615384615 0.22235576923076922 0.04567307692307693 0.11298076923076925
4 0.5012019230769231 0.3125 0.050480769230769273 0.11057692307692313
4 0.38100961538461536 0.5336538461538461 0.060096153846153855 0.12019230769230771
