12 0.4411057692307692 0.2536057692307693 0.06490384615384615 0.13701923076923078
8 0.34375 0.4206730769230769 0.08653846153846156 0.21634615384615385
10 0.4266826923076923 0.3449519230769231 0.060096153846153855 0.11778846153846156
10 0.3545673076923077 0.171875 0.060096153846153855 0.11778846153846155
10 0.2668269230769231 0.0733173076923077 0.05769230769230771 0.11298076923076925
10 0.23317307692307693 0.6983173076923077 0.06730769230769229 0.12259615384615385
2 0.6598557692307693 0.7836538461538461 0.09375 0.22596153846153855
6 0.859375 0.8269230769230769 0.08894230769230771 0.14903846153846156
5 0.6045673076923077 0.33052884615384615 0.07451923076923084 0.19471153846153844
4 0.6959134615384615 0.25841346153846156 0.050480769230769273 0.11298076923076922
4 0.5192307692307692 0.3425480769230769 0.05288461538461531 0.11298076923076927
4 0.6286057692307692 0.5697115384615384 0.060096153846153855 0.12019230769230771
