2 0.7992788461538461 0.3125 0.07932692307692313 0.1971153846153846
5 0.8233173076923077 0.41947115384615385 0.07932692307692313 0.17548076923076922
3 0.8497596153846154 0.5600961538461539 0.07451923076923073 0.1298076923076923
3 0.7956730769230769 0.2548076923076923 0.0673076923076924 0.12499999999999997
1 0.8617788461538461 0.6790865384615384 0.06971153846153855 0.14663461538461542
1 0.7668269230769231 0.15985576923076925 0.05288461538461531 0.14182692307692307
6 0.75 0.08413461538461538 0.05769230769230771 0.12019230769230768
6 0.8882211538461539 0.8149038461538461 0.08413461538461542 0.13942307692307687
4 0.7800480769230769 0.8149038461538461 0.060096153846153855 0.11538461538461542
4 0.7572115384615384 0.6682692307692308 0.05769230769230771 0.11538461538461531
4 0.7307692307692308 0.5637019230769231 0.05288461538461531 0.10817307692307698
4 0.7259615384615384 0.4435096153846154 0.05288461538461542 0.10336538461538464
4 0.7043269230769231 0.3557692307692307 0.0576923076923076 0.10576923076923078
4 0.7019230769230769 0.2764423076923077 0.05288461538461531 0.10576923076923075
4 0.6766826923076923 0.18149038461538464 0.05048076923076916 0.10336538461538461
4 0.6742788461538461 0.09134615384615384 0.04567307692307687 0.10576923076923075
11 0.18389423076923078 0.328125 0.07451923076923075 0.18028846153846156
8 0.16826923076923078 0.4110576923076923 0.08173076923076925 0.20192307692307687
9 0.1766826923076923 0.24399038461538464 0.06490384615384617 0.12740384615384617
9 0.16826923076923078 0.5516826923076923 0.08173076923076925 0.14182692307692307
7 0.18990384615384615 0.14182692307692307 0.0625 0.14903846153846156
7 0.15264423076923078 0.6754807692307692 0.07451923076923075 0.14903846153846156
12 0.19951923076923078 0.0829326923076923 0.0625 0.12259615384615383
12 0.14903846153846154 0.8257211538461539 0.08173076923076922 0.14663461538461542
10 0.27283653846153844 0.08533653846153846 0.05048076923076922 0.10336538461538464
10 0.28125 0.1658653846153846 0.05288461538461542 0.11057692307692307
10 0.2704326923076923 0.2560096153846154 0.055288461538461536 0.10817307692307693
10 0.2692307692307692 0.34375 0.05769230769230768 0.10576923076923073
10 0.27283653846153844 0.44471153846153844 0.06009615384615383 0.11538461538461536
10 0.25841346153846156 0.8233173076923077 0.06490384615384617 0.11298076923076916
10 0.2608173076923077 0.6802884615384616 0.06490384615384617 0.12019230769230771
10 0.4519230769230769 0.5709134615384615 0.05769230769230771 0.11778846153846156
