2 0.234375 0.296875 0.0793269230769231 0.19471153846153844
5 0.21514423076923075 0.4014423076923077 0.07932692307692307 0.17307692307692307
3 0.1935096153846154 0.5396634615384615 0.07451923076923078 0.12740384615384615
3 0.23557692307692307 0.24038461538461536 0.06730769230769229 0.12499999999999997
1 0.1875 0.65625 0.07211538461538464 0.14423076923076916
1 0.2596153846153846 0.14783653846153846 0.05288461538461536 0.14182692307692307
6 0.27163461538461536 0.07572115384615384 0.05769230769230768 0.11778846153846154
6 0.16466346153846154 0.7896634615384615 0.08413461538461538 0.13701923076923073
4 0.27283653846153844 0.7908653846153846 0.06009615384615383 0.11057692307692302
4 0.28846153846153844 0.6490384615384616 0.057692307692307654 0.11057692307692313
4 0.3112980769230769 0.546875 0.055288461538461564 0.10336538461538458
4 0.3112980769230769 0.42908653846153844 0.050480769230769273 0.10336538461538464
4 0.328125 0.34134615384615385 0.060096153846153855 0.10576923076923078
4 0.328125 0.2644230769230769 0.050480769230769273 0.10576923076923075
4 0.3497596153846154 0.17307692307692307 0.05048076923076922 0.10096153846153848
4 0.3485576923076923 0.0829326923076923 0.04326923076923078 0.10336538461538461
11 0.8389423076923077 0.33052884615384615 0.07211538461538458 0.18028846153846154
8 0.8581730769230769 0.41225961538461536 0.08173076923076927 0.19951923076923073
9 0.8449519230769231 0.24759615384615385 0.06490384615384615 0.125
9 0.8653846153846154 0.5516826923076923 0.08173076923076927 0.14182692307692307
7 0.828125 0.1454326923076923 0.06490384615384626 0.1466346153846154
7 0.8858173076923077 0.6742788461538461 0.07451923076923084 0.14663461538461542
12 0.8161057692307692 0.09014423076923077 0.060096153846153855 0.11778846153846154
12 0.8942307692307692 0.8209134615384616 0.08173076923076927 0.14182692307692313
10 0.7427884615384616 0.0889423076923077 0.05288461538461542 0.10096153846153846
10 0.7367788461538461 0.16826923076923078 0.05048076923076916 0.10576923076923075
10 0.7524038461538461 0.2560096153846154 0.05288461538461542 0.10817307692307693
10 0.7560096153846154 0.34375 0.055288461538461564 0.10576923076923073
10 0.7584134615384615 0.4411057692307693 0.060096153846153855 0.11298076923076922
10 0.7872596153846154 0.8161057692307692 0.06490384615384615 0.11298076923076927
10 0.7788461538461539 0.6754807692307693 0.0625 0.12019230769230771
10 0.5853365384615385 0.5625 0.055288461538461564 0.11538461538461542
