2 0.19110576923076922 0.2644230769230769 0.0793269230769231 0.2019230769230769
5 0.16826923076923078 0.375 0.08173076923076925 0.17788461538461542
3 0.1466346153846154 0.5192307692307693 0.07692307692307693 0.13461538461538464
3 0.1923076923076923 0.20673076923076922 0.06730769230769232 0.1298076923076923
1 0.13942307692307693 0.6418269230769231 0.07211538461538461 0.14903846153846156
1 0.21754807692307693 0.109375 0.055288461538461536 0.14663461538461536
6 0.23197115384615385 0.04807692307692308 0.060096153846153855 0.09615384615384616
6 0.11538461538461538 0.7800480769230769 0.08653846153846154 0.14182692307692302
4 0.22596153846153844 0.7788461538461539 0.06249999999999997 0.11538461538461542
4 0.2451923076923077 0.6286057692307692 0.05769230769230771 0.11778846153846156
4 0.26802884615384615 0.5216346153846154 0.055288461538461536 0.11057692307692302
4 0.2704326923076923 0.4002403846153846 0.055288461538461536 0.10817307692307693
4 0.28725961538461536 0.3088942307692307 0.060096153846153855 0.10817307692307693
4 0.28846153846153844 0.22956730769230768 0.05288461538461536 0.10817307692307693
4 0.31009615384615385 0.13221153846153846 0.05288461538461542 0.10576923076923078
4 0.3088942307692307 0.046875 0.04567307692307693 0.09375
11 0.8197115384615384 0.2776442307692308 0.07692307692307687 0.18509615384615385
8 0.8377403846153846 0.3629807692307693 0.08413461538461542 0.20673076923076922
9 0.8245192307692307 0.19110576923076922 0.06730769230769229 0.13221153846153844
9 0.84375 0.5072115384615385 0.08653846153846145 0.14903846153846156
7 0.8064903846153846 0.08653846153846154 0.06490384615384615 0.15384615384615385
7 0.8641826923076923 0.6322115384615385 0.07451923076923084 0.15384615384615385
12 0.7956730769230769 0.046875 0.0625 0.09375
12 0.8737980769230769 0.7860576923076923 0.08413461538461531 0.14903846153846156
10 0.7199519230769231 0.042067307692307696 0.055288461538461564 0.08413461538461539
10 0.7139423076923077 0.11298076923076925 0.05288461538461542 0.11057692307692309
10 0.7283653846153846 0.20432692307692307 0.05769230769230771 0.1105769230769231
10 0.7331730769230769 0.2932692307692307 0.0576923076923076 0.11057692307692307
10 0.7331730769230769 0.3966346153846154 0.0625 0.12019230769230765
10 0.7620192307692307 0.7848557692307692 0.06730769230769229 0.11778846153846156
10 0.7536057692307692 0.6370192307692307 0.06490384615384615 0.125
10 0.5540865384615385 0.5276442307692308 0.060096153846153855 0.12259615384615385
