6 0.8737980769230769 0.7548076923076923 0.08413461538461531 0.14423076923076916
2 0.78125 0.2596153846153846 0.08173076923076916 0.2115384615384615
6 0.7379807692307693 0.051682692307692304 0.05769230769230771 0.10336538461538461
5 0.5252403846153846 0.3954326923076923 0.06490384615384615 0.18509615384615385
3 0.6526442307692308 0.6334134615384616 0.06971153846153844 0.15625
3 0.6045673076923077 0.3028846153846154 0.060096153846153855 0.14423076923076922
4 0.765625 0.7608173076923077 0.060096153846153744 0.12259615384615385
4 0.6189903846153846 0.5120192307692307 0.055288461538461564 0.11057692307692307
4 0.5564903846153846 0.6454326923076923 0.055288461538461564 0.11298076923076916
4 0.6947115384615384 0.3112980769230769 0.05288461538461542 0.11298076923076927
4 0.516826923076923 0.23197115384615383 0.057692307692307654 0.11298076923076922
4 0.5793269230769231 0.13701923076923078 0.0576923076923076 0.11057692307692309
1 0.6550480769230769 0.055288461538461536 0.060096153846153855 0.11057692307692307
1 0.3629807692307692 0.5252403846153846 0.0625 0.15144230769230765
7 0.17427884615384615 0.125 0.06490384615384615 0.14423076923076922
12 0.18629807692307693 0.06129807692307692 0.055288461538461536 0.12259615384615384
8 0.15625 0.3870192307692307 0.08173076923076922 0.20673076923076922
11 0.3389423076923077 0.11658653846153846 0.06730769230769229 0.18509615384615385
9 0.3485576923076923 0.30528846153846156 0.06730769230769229 0.13942307692307693
9 0.15985576923076925 0.5324519230769231 0.07932692307692309 0.14182692307692302
7 0.14423076923076922 0.6526442307692307 0.07692307692307691 0.1514423076923077
10 0.2548076923076923 0.6574519230769231 0.05769230769230768 0.11778846153846156
10 0.2572115384615385 0.4206730769230769 0.06730769230769232 0.11538461538461542
10 0.2548076923076923 0.3173076923076923 0.05288461538461539 0.11538461538461536
10 0.265625 0.14423076923076922 0.055288461538461564 0.11538461538461539
10 0.40865384615384615 0.052884615384615384 0.05288461538461542 0.10576923076923077
10 0.41947115384615385 0.21634615384615385 0.055288461538461564 0.11057692307692304
