6 0.859375 0.7848557692307692 0.07932692307692313 0.13701923076923073
2 0.7764423076923077 0.2980769230769231 0.07692307692307687 0.20673076923076925
6 0.7391826923076923 0.0829326923076923 0.055288461538461564 0.12259615384615383
5 0.5240384615384616 0.42427884615384615 0.0625 0.1802884615384615
3 0.6454326923076923 0.6586538461538461 0.06490384615384615 0.14903846153846145
3 0.6021634615384615 0.3341346153846154 0.055288461538461564 0.13942307692307693
4 0.7536057692307692 0.7860576923076923 0.060096153846153855 0.12019230769230771
4 0.6129807692307692 0.5396634615384616 0.05288461538461531 0.10817307692307693
4 0.5492788461538461 0.6706730769230769 0.05528846153846145 0.11057692307692302
4 0.6911057692307692 0.34495192307692313 0.050480769230769273 0.10817307692307693
4 0.5192307692307692 0.26322115384615385 0.05288461538461531 0.1081730769230769
4 0.5805288461538461 0.171875 0.05048076923076916 0.10817307692307693
1 0.65625 0.07692307692307693 0.05288461538461542 0.13942307692307693
1 0.3629807692307692 0.546875 0.05769230769230771 0.14663461538461542
7 0.18509615384615385 0.1514423076923077 0.0625 0.14423076923076925
12 0.19711538461538464 0.0889423076923077 0.05288461538461539 0.12019230769230768
8 0.16346153846153846 0.4074519230769231 0.07692307692307693 0.19951923076923073
11 0.34615384615384615 0.1454326923076923 0.0625 0.18028846153846154
9 0.35336538461538464 0.3317307692307693 0.0625 0.13461538461538464
9 0.16466346153846154 0.5492788461538461 0.07451923076923078 0.13701923076923078
7 0.14663461538461536 0.6670673076923077 0.07211538461538461 0.14663461538461542
10 0.2536057692307692 0.6754807692307692 0.055288461538461536 0.11538461538461531
10 0.2620192307692308 0.4423076923076923 0.0625 0.11057692307692307
10 0.2608173076923077 0.34134615384615385 0.05048076923076922 0.11057692307692307
10 0.27403846153846156 0.17067307692307693 0.05288461538461536 0.11057692307692307
10 0.41466346153846156 0.08413461538461539 0.05048076923076922 0.11057692307692307
10 0.421875 0.2451923076923077 0.050480769230769273 0.10576923076923075
