12 0.37740384615384615 0.7824519230769231 0.07692307692307693 0.1466346153846153
6 0.171875 0.7824519230769231 0.07932692307692307 0.14182692307692302
2 0.2932692307692308 0.6370192307692308 0.09134615384615385 0.21634615384615385
5 0.4182692307692307 0.31850961538461536 0.07692307692307693 0.18509615384615383
4 0.3293269230769231 0.2439903846153846 0.05288461538461542 0.10817307692307693
4 0.39783653846153844 0.548076923076923 0.0600961538461538 0.12019230769230765
4 0.5024038461538461 0.3317307692307693 0.05288461538461542 0.10576923076923078
6 0.7620192307692307 0.546875 0.06730769230769229 0.14663461538461542
8 0.6670673076923077 0.40865384615384615 0.08413461538461542 0.20192307692307687
12 0.8485576923076923 0.25 0.07211538461538458 0.1298076923076923
10 0.5877403846153846 0.33533653846153844 0.055288461538461564 0.11298076923076922
10 0.6586538461538461 0.17668269230769232 0.05288461538461542 0.11298076923076923
10 0.7451923076923077 0.078125 0.05288461538461542 0.10817307692307693
10 0.7776442307692308 0.6802884615384616 0.06490384615384615 0.11538461538461542
