12 0.6514423076923077 0.7692307692307692 0.07211538461538458 0.14423076923076927
6 0.8521634615384615 0.7680288461538461 0.07451923076923073 0.13701923076923084
2 0.7319711538461539 0.6274038461538461 0.08413461538461542 0.21153846153846145
5 0.5985576923076923 0.3161057692307692 0.07211538461538458 0.18028846153846154
4 0.6802884615384616 0.2439903846153846 0.04807692307692313 0.10817307692307693
4 0.6237980769230769 0.5408653846153846 0.055288461538461564 0.11538461538461536
4 0.515625 0.328125 0.05048076923076922 0.10336538461538458
6 0.26802884615384615 0.5384615384615385 0.06490384615384615 0.14423076923076927
8 0.3557692307692307 0.40384615384615385 0.07692307692307693 0.19711538461538458
12 0.17427884615384615 0.24879807692307693 0.06971153846153846 0.12740384615384615
10 0.4314903846153846 0.3317307692307693 0.05048076923076922 0.11057692307692307
10 0.35817307692307687 0.1778846153846154 0.04807692307692307 0.11057692307692309
10 0.26802884615384615 0.0829326923076923 0.050480769230769246 0.10336538461538461
10 0.2584134615384615 0.6682692307692308 0.06009615384615383 0.11057692307692302
