9 0.34975961538461536 0.3269230769230769 0.060096153846153855 0.1298076923076923
8 0.16346153846153846 0.4026442307692308 0.07211538461538464 0.19471153846153844
9 0.16346153846153846 0.5492788461538461 0.07211538461538464 0.13701923076923078
7 0.14302884615384615 0.6634615384615385 0.06490384615384615 0.14423076923076927
12 0.34375 0.7776442307692308 0.06730769230769229 0.14182692307692302
12 0.19711538461538464 0.0889423076923077 0.05288461538461539 0.11538461538461539
7 0.18509615384615385 0.15264423076923078 0.0625 0.13701923076923075
10 0.2596153846153846 0.34134615384615385 0.057692307692307654 0.09615384615384615
10 0.24759615384615385 0.6694711538461539 0.05288461538461542 0.10817307692307687
10 0.27403846153846156 0.1622596153846154 0.04326923076923078 0.0985576923076923
10 0.2608173076923077 0.43990384615384615 0.05048076923076922 0.10096153846153844
11 0.27524038461538464 0.22115384615384617 0.06009615384615388 0.16826923076923078
10 0.41466346153846156 0.08774038461538461 0.04567307692307693 0.10336538461538462
10 0.4170673076923077 0.24639423076923078 0.04567307692307693 0.09855769230769232
10 0.42908653846153844 0.5600961538461539 0.05048076923076922 0.10576923076923084
10 0.4483173076923077 0.7872596153846154 0.05528846153846151 0.10817307692307698
2 0.7728365384615385 0.3016826923076923 0.07451923076923073 0.1947115384615385
3 0.8161057692307692 0.545673076923077 0.07451923076923073 0.13461538461538464
6 0.8497596153846154 0.7860576923076923 0.07451923076923073 0.13942307692307687
6 0.7307692307692308 0.08533653846153845 0.05288461538461531 0.11778846153846152
1 0.6502403846153846 0.0829326923076923 0.050480769230769273 0.13701923076923075
1 0.3557692307692308 0.5432692307692308 0.0625 0.1346153846153847
4 0.3557692307692307 0.4483173076923077 0.04807692307692307 0.09855769230769229
4 0.5769230769230769 0.17548076923076922 0.043269230769230727 0.10096153846153846
4 0.5048076923076923 0.09014423076923077 0.04326923076923078 0.09855769230769232
4 0.5132211538461539 0.2644230769230769 0.04567307692307693 0.10096153846153846
4 0.5456730769230769 0.6658653846153846 0.04807692307692302 0.11057692307692302
4 0.7451923076923077 0.7872596153846154 0.05288461538461542 0.10817307692307698
5 0.7043269230769231 0.4122596153846154 0.07211538461538469 0.17548076923076922
3 0.6081730769230769 0.34254807692307687 0.0625 0.14182692307692307
4 0.6814903846153846 0.34375 0.050480769230769273 0.10576923076923073
4 0.5985576923076923 0.5444711538461539 0.05288461538461542 0.10817307692307693
