6 0.40865384615384615 0.052884615384615384 0.05769230769230771 0.10576923076923077
6 0.13822115384615385 0.7295673076923077 0.07932692307692309 0.14182692307692313
2 0.19350961538461536 0.3533653846153846 0.08413461538461539 0.20673076923076922
5 0.3954326923076923 0.27403846153846156 0.07451923076923078 0.17788461538461536
4 0.328125 0.12019230769230768 0.04567307692307687 0.10576923076923077
4 0.3137019230769231 0.20673076923076922 0.050480769230769273 0.1105769230769231
4 0.28966346153846156 0.3846153846153846 0.05528846153846151 0.11538461538461536
4 0.36778846153846156 0.49278846153846156 0.05288461538461536 0.11057692307692313
4 0.47716346153846156 0.28365384615384615 0.05528846153846151 0.1105769230769231
4 0.4795673076923077 0.04567307692307692 0.05048076923076922 0.09134615384615384
3 0.40384615384615385 0.11057692307692307 0.05288461538461542 0.13942307692307693
3 0.5588942307692308 0.3798076923076923 0.07451923076923073 0.14423076923076922
11 0.6382211538461539 0.2776442307692307 0.07451923076923084 0.17548076923076922
12 0.7992788461538463 0.04447115384615385 0.06490384615384615 0.0889423076923077
12 0.7427884615384616 0.7403846153846154 0.07211538461538458 0.13942307692307698
8 0.8377403846153846 0.34615384615384615 0.08413461538461542 0.20192307692307696
7 0.8497596153846154 0.47475961538461536 0.07932692307692302 0.14182692307692302
9 0.6334134615384615 0.17307692307692307 0.06490384615384615 0.13942307692307693
9 0.8365384615384615 0.5985576923076923 0.08173076923076927 0.14903846153846156
10 0.5600961538461539 0.2800480769230769 0.05288461538461542 0.1081730769230769
10 0.7211538461538461 0.042067307692307696 0.04807692307692313 0.08413461538461539
10 0.7163461538461539 0.1935096153846154 0.05288461538461542 0.11298076923076922
10 0.7355769230769231 0.6057692307692307 0.0625 0.125
10 0.546875 0.7295673076923077 0.06490384615384626 0.12259615384615385
