6 0.5757211538461537 0.04447115384615385 0.060096153846153855 0.0889423076923077
6 0.8293269230769231 0.7139423076923077 0.08173076923076927 0.14423076923076916
2 0.7836538461538461 0.3329326923076923 0.08653846153846145 0.2091346153846154
5 0.5841346153846154 0.2536057692307692 0.07692307692307698 0.18028846153846154
4 0.65625 0.10096153846153846 0.04807692307692313 0.10576923076923078
4 0.6670673076923077 0.18629807692307693 0.05048076923076916 0.11298076923076922
4 0.6875 0.36658653846153844 0.05769230769230771 0.11778846153846151
4 0.6045673076923077 0.47716346153846156 0.055288461538461564 0.11298076923076922
4 0.5 0.26802884615384615 0.05769230769230771 0.11298076923076925
4 0.5060096153846154 0.037259615384615384 0.05048076923076922 0.07451923076923077
3 0.5805288461538461 0.09134615384615385 0.05528846153846145 0.13942307692307693
3 0.41466346153846156 0.3641826923076923 0.07451923076923078 0.14663461538461536
11 0.33653846153846156 0.26322115384615385 0.07692307692307693 0.18028846153846156
12 0.18028846153846154 0.038461538461538464 0.0625 0.07692307692307693
12 0.21875 0.7331730769230769 0.0769230769230769 0.14423076923076927
8 0.13341346153846154 0.33653846153846156 0.08413461538461538 0.20673076923076922
7 0.11899038461538461 0.46634615384615385 0.07932692307692307 0.14423076923076922
9 0.3449519230769231 0.15865384615384615 0.06490384615384615 0.14423076923076925
9 0.12620192307692307 0.5913461538461537 0.08413461538461539 0.15384615384615385
10 0.4158653846153846 0.265625 0.05288461538461536 0.11298076923076925
10 0.2608173076923077 0.03485576923076923 0.05048076923076922 0.06971153846153846
10 0.2596153846153846 0.1826923076923077 0.05288461538461536 0.11538461538461539
10 0.22836538461538464 0.5973557692307692 0.06250000000000003 0.12740384615384615
10 0.4170673076923077 0.7199519230769231 0.06490384615384615 0.12259615384615385
