7 0.4411057692307692 0.4314903846153846 0.06971153846153844 0.15144230769230765
8 0.1658653846153846 0.3064903846153846 0.08173076923076922 0.21394230769230765
11 0.3473557692307692 0.14783653846153846 0.060096153846153855 0.17548076923076922
12 0.42427884615384615 0.15865384615384615 0.060096153846153855 0.12980769230769232
10 0.27403846153846156 0.16947115384615385 0.05288461538461536 0.11298076923076923
10 0.26322115384615385 0.33774038461538464 0.060096153846153855 0.12259615384615385
10 0.3473557692307692 0.3317307692307693 0.055288461538461564 0.11538461538461536
10 0.3581730769230769 0.5625 0.05769230769230771 0.125
9 0.453125 0.6490384615384615 0.06971153846153844 0.15384615384615385
3 0.2439903846153846 0.6418269230769231 0.07451923076923078 0.15384615384615385
2 0.7704326923076923 0.3004807692307693 0.08413461538461542 0.19711538461538464
6 0.5721153846153846 0.08653846153846154 0.0625 0.1298076923076923
1 0.5084134615384616 0.234375 0.05528846153846151 0.1514423076923077
4 0.6838942307692308 0.34615384615384615 0.050480769230769273 0.11057692307692307
4 0.609375 0.5396634615384616 0.05528846153846145 0.11298076923076922
4 0.5444711538461539 0.6658653846153846 0.05528846153846145 0.125
