2 0.7980769230769231 0.296875 0.09134615384615385 0.2043269230769231
6 0.27163461538461536 0.054086538461538464 0.06249999999999997 0.10817307692307693
8 0.15865384615384615 0.2920673076923077 0.08653846153846154 0.21875000000000003
12 0.4435096153846154 0.3269230769230769 0.05528846153846151 0.1298076923076923
7 0.44471153846153844 0.4230769230769231 0.06730769230769235 0.14903846153846156
10 0.35216346153846156 0.5576923076923077 0.0600961538461538 0.11538461538461542
10 0.27283653846153844 0.1466346153846154 0.055288461538461536 0.11538461538461538
10 0.25600961538461536 0.32572115384615385 0.06009615384615383 0.11778846153846156
4 0.34615384615384615 0.4338942307692307 0.05769230769230771 0.11298076923076922
4 0.6021634615384615 0.3293269230769231 0.050480769230769273 0.11538461538461542
4 0.5456730769230769 0.6670673076923077 0.0576923076923076 0.12259615384615385
