2 0.7920673076923077 0.3329326923076923 0.08894230769230771 0.2091346153846154
6 0.25600961538461536 0.07091346153846154 0.06009615384615383 0.12740384615384615
8 0.1514423076923077 0.3197115384615385 0.08653846153846154 0.22115384615384617
12 0.4362980769230769 0.3581730769230769 0.055288461538461564 0.13461538461538458
7 0.4423076923076923 0.45552884615384615 0.06730769230769229 0.1514423076923077
10 0.35216346153846156 0.5901442307692308 0.0600961538461538 0.11778846153846156
10 0.2608173076923077 0.17548076923076922 0.05528846153846151 0.11538461538461539
10 0.25 0.3545673076923077 0.05769230769230771 0.11778846153846151
4 0.34134615384615385 0.4639423076923077 0.05769230769230771 0.11538461538461542
4 0.5961538461538461 0.3629807692307693 0.04807692307692313 0.11538461538461536
4 0.5504807692307693 0.7019230769230769 0.05769230769230771 0.125
