5 0.4050480769230769 0.2932692307692307 0.07451923076923073 0.17307692307692307
2 0.21514423076923078 0.36778846153846156 0.08894230769230771 0.20192307692307693
6 0.1658653846153846 0.7235576923076923 0.07692307692307693 0.15384615384615385
6 0.4158653846153846 0.056490384615384616 0.05288461538461536 0.11298076923076923
3 0.4110576923076923 0.12980769230769232 0.0625 0.1298076923076923
3 0.5600961538461539 0.3858173076923077 0.06730769230769229 0.14182692307692307
4 0.33533653846153844 0.14182692307692307 0.04567307692307693 0.10096153846153848
4 0.3245192307692307 0.22596153846153846 0.04807692307692307 0.10576923076923078
4 0.3028846153846154 0.39783653846153844 0.05288461538461536 0.11778846153846151
4 0.37740384615384615 0.4987980769230769 0.05769230769230771 0.11298076923076927
4 0.485576923076923 0.2956730769230769 0.05288461538461536 0.10576923076923075
4 0.4795673076923077 0.06129807692307693 0.05048076923076922 0.10817307692307693
11 0.640625 0.2872596153846154 0.07451923076923084 0.17067307692307693
7 0.7427884615384616 0.3713942307692308 0.06730769230769229 0.1514423076923077
12 0.6370192307692307 0.18269230769230768 0.0625 0.13942307692307693
12 0.8389423076923077 0.5913461538461537 0.07692307692307687 0.15384615384615385
8 0.8341346153846154 0.3581730769230769 0.08173076923076927 0.20673076923076927
12 0.7956730769230769 0.05048076923076923 0.0673076923076924 0.10096153846153846
12 0.7524038461538461 0.7331730769230769 0.07692307692307687 0.14423076923076927
10 0.7175480769230769 0.05048076923076923 0.050480769230769273 0.10096153846153846
10 0.7403846153846154 0.6057692307692308 0.05769230769230771 0.11538461538461531
10 0.7127403846153846 0.21033653846153846 0.055288461538461564 0.11298076923076922
10 0.5673076923076923 0.29447115384615385 0.05288461538461542 0.1081730769230769
10 0.5576923076923077 0.7295673076923077 0.05769230769230771 0.12259615384615385
