5 0.6298076923076923 0.2956730769230769 0.08173076923076916 0.1826923076923077
2 0.8341346153846154 0.3762019230769231 0.09615384615384615 0.2139423076923077
6 0.8954326923076923 0.7560096153846154 0.08413461538461542 0.16586538461538458
6 0.6129807692307693 0.05649038461538461 0.05769230769230771 0.09375
3 0.6213942307692308 0.12139423076923077 0.06971153846153844 0.13701923076923075
3 0.46875 0.39302884615384615 0.07211538461538458 0.1514423076923077
4 0.7019230769230769 0.1346153846153846 0.05288461538461531 0.11057692307692307
4 0.7151442307692308 0.2235576923076923 0.050480769230769273 0.11538461538461539
4 0.7415865384615385 0.4074519230769231 0.055288461538461564 0.12740384615384615
4 0.6658653846153846 0.5144230769230769 0.0625 0.12019230769230765
4 0.5444711538461539 0.296875 0.05528846153846145 0.11298076923076925
4 0.5456730769230769 0.057692307692307696 0.05288461538461531 0.09615384615384615
11 0.3798076923076923 0.28846153846153844 0.08173076923076922 0.18269230769230768
7 0.2716346153846154 0.37740384615384615 0.07211538461538464 0.16346153846153844
12 0.38221153846153844 0.1766826923076923 0.06730769230769235 0.1466346153846154
12 0.1766826923076923 0.6117788461538461 0.08413461538461539 0.16586538461538458
8 0.17427884615384615 0.3629807692307692 0.08894230769230768 0.22115384615384615
12 0.20913461538461536 0.04567307692307693 0.07211538461538461 0.08653846153846154
12 0.2704326923076923 0.7620192307692308 0.08413461538461539 0.15384615384615385
10 0.2920673076923077 0.046875 0.05528846153846151 0.08413461538461539
10 0.28125 0.6274038461538461 0.0625 0.125
10 0.3004807692307692 0.20552884615384615 0.0625 0.12259615384615385
10 0.4591346153846154 0.2956730769230769 0.057692307692307654 0.11538461538461542
10 0.4783653846153846 0.7608173076923077 0.062499999999999944 0.13221153846153844
