5 0.6298076923076923 0.2692307692307692 0.08173076923076916 0.1875
2 0.8365384615384615 0.3401442307692308 0.09615384615384615 0.21875
6 0.8990384615384615 0.7199519230769231 0.08653846153846156 0.1658653846153847
6 0.6141826923076923 0.038461538461538464 0.060096153846153855 0.07692307692307693
3 0.6213942307692308 0.09375 0.06971153846153844 0.13942307692307693
3 0.4675480769230769 0.375 0.07451923076923073 0.15384615384615385
4 0.703125 0.10456730769230768 0.05048076923076916 0.10817307692307691
4 0.7163461538461539 0.1923076923076923 0.05288461538461542 0.11538461538461539
4 0.7427884615384616 0.37740384615384615 0.05769230769230771 0.1298076923076923
4 0.6658653846153846 0.4879807692307693 0.0625 0.12019230769230776
4 0.5456730769230769 0.2752403846153846 0.0576923076923076 0.11298076923076922
4 0.5456730769230769 0.042067307692307696 0.0576923076923076 0.08413461538461539
11 0.3786057692307693 0.27283653846153844 0.08413461538461536 0.18509615384615383
7 0.2704326923076923 0.36778846153846156 0.07451923076923078 0.1634615384615385
12 0.3798076923076923 0.1610576923076923 0.06730769230769229 0.14903846153846154
12 0.17427884615384615 0.6081730769230769 0.08413461538461539 0.16826923076923073
8 0.171875 0.35697115384615385 0.08894230769230771 0.22355769230769232
12 0.20673076923076922 0.040865384615384616 0.07211538461538461 0.08173076923076923
12 0.2692307692307692 0.7548076923076923 0.08653846153846154 0.15384615384615385
10 0.28966346153846156 0.038461538461538464 0.05528846153846151 0.07692307692307693
10 0.27884615384615385 0.6189903846153846 0.0625 0.12740384615384615
10 0.29927884615384615 0.19350961538461536 0.060096153846153855 0.12259615384615383
10 0.4591346153846154 0.2776442307692308 0.057692307692307654 0.11778846153846156
10 0.4783653846153846 0.7439903846153846 0.062499999999999944 0.13221153846153844
