5 0.39783653846153844 0.29927884615384615 0.07451923076923078 0.18028846153846154
2 0.1875 0.4879807692307692 0.08653846153846156 0.21153846153846156
6 0.1514423076923077 0.7391826923076923 0.08173076923076925 0.1514423076923077
4 0.2980769230769231 0.4122596153846154 0.05288461538461542 0.11298076923076922
4 0.32091346153846156 0.23317307692307693 0.05528846153846151 0.10096153846153846
4 0.33533653846153844 0.14903846153846154 0.05048076923076922 0.10096153846153848
4 0.4795673076923077 0.07451923076923077 0.04567307692307693 0.10096153846153846
4 0.48317307692307687 0.3112980769230769 0.05288461538461536 0.11778846153846156
4 0.3701923076923077 0.5132211538461539 0.0625 0.1225961538461538
3 0.5564903846153846 0.40625 0.06490384615384615 0.13942307692307687
12 0.796875 0.07211538461538461 0.06490384615384626 0.11057692307692307
12 0.7391826923076923 0.765625 0.06971153846153844 0.14182692307692313
8 0.7319711538461539 0.3870192307692307 0.07932692307692313 0.20192307692307693
9 0.4903846153846154 0.1454326923076923 0.05769230769230771 0.1466346153846154
9 0.8305288461538461 0.6237980769230769 0.07932692307692313 0.1466346153846153
7 0.5528846153846154 0.6165865384615384 0.0625 0.14182692307692313
11 0.6358173076923077 0.30408653846153844 0.06490384615384615 0.18028846153846154
10 0.5625 0.31490384615384615 0.05288461538461542 0.10576923076923078
10 0.7175480769230769 0.07091346153846154 0.055288461538461564 0.10817307692307693
10 0.7151442307692308 0.23197115384615385 0.050480769230769273 0.1081730769230769
10 0.7355769230769231 0.6358173076923077 0.0625 0.11778846153846156
10 0.5444711538461537 0.7536057692307692 0.06490384615384615 0.11778846153846156
