5 0.640625 0.2620192307692308 0.07932692307692313 0.19230769230769232
2 0.8701923076923077 0.4735576923076923 0.09615384615384615 0.2259615384615385
6 0.9086538461538463 0.7439903846153846 0.09134615384615385 0.1610576923076923
4 0.7487980769230769 0.38822115384615385 0.055288461538461564 0.12259615384615385
4 0.7223557692307692 0.19471153846153846 0.060096153846153855 0.11057692307692307
4 0.7091346153846154 0.10576923076923078 0.05288461538461542 0.11057692307692309
4 0.5516826923076923 0.040865384615384616 0.05048076923076916 0.0673076923076923
4 0.5504807692307693 0.27403846153846156 0.05769230769230771 0.12500000000000003
4 0.6730769230769231 0.4951923076923077 0.0673076923076924 0.1298076923076923
3 0.47115384615384615 0.37259615384615385 0.07211538461538458 0.14903846153846156
12 0.21153846153846154 0.03365384615384616 0.06730769230769229 0.0625
12 0.2776442307692308 0.75 0.07451923076923075 0.14903846153846145
8 0.28365384615384615 0.3449519230769231 0.08653846153846154 0.21875
9 0.5396634615384615 0.09495192307692307 0.060096153846153855 0.15625
9 0.17788461538461536 0.5973557692307693 0.08653846153846154 0.15625
7 0.4771634615384615 0.5997596153846154 0.06971153846153844 0.1514423076923077
11 0.3846153846153846 0.2608173076923077 0.07211538461538464 0.19471153846153846
10 0.4639423076923077 0.27283653846153844 0.05769230769230771 0.11298076923076922
10 0.296875 0.03365384615384616 0.060096153846153855 0.0625
10 0.3016826923076923 0.17908653846153846 0.05528846153846151 0.11778846153846152
10 0.28125 0.6129807692307693 0.06730769230769229 0.125
10 0.48557692307692313 0.7463942307692308 0.07211538461538464 0.12740384615384615
