5 0.7824519230769231 0.3173076923076923 0.06971153846153844 0.15384615384615383
2 0.7908653846153846 0.3894230769230769 0.07692307692307698 0.1875
1 0.7632211538461539 0.234375 0.05528846153846145 0.12740384615384615
1 0.8040865384615385 0.5192307692307693 0.060096153846153855 0.13461538461538464
3 0.7475961538461539 0.15504807692307693 0.05769230769230771 0.11778846153846152
3 0.828125 0.6322115384615384 0.07451923076923084 0.125
6 0.7415865384615385 0.08413461538461539 0.050480769230769273 0.10576923076923078
6 0.84375 0.7620192307692307 0.07211538461538458 0.1298076923076923
4 0.6574519230769231 0.07932692307692307 0.04086538461538469 0.09615384615384615
4 0.6646634615384616 0.15865384615384615 0.04086538461538458 0.09615384615384615
4 0.6754807692307692 0.24278846153846156 0.043269230769230727 0.09615384615384617
4 0.6875 0.3269230769230769 0.04326923076923084 0.10096153846153844
4 0.6983173076923077 0.421875 0.05048076923076916 0.09855769230769229
4 0.7115384615384616 0.5276442307692308 0.04807692307692313 0.10817307692307698
4 0.7247596153846154 0.6370192307692308 0.050480769230769273 0.10576923076923073
4 0.7379807692307692 0.7584134615384616 0.05288461538461531 0.10336538461538458
11 0.18509615384615385 0.28125 0.0625 0.1730769230769231
8 0.17067307692307693 0.36658653846153844 0.06730769230769229 0.1899038461538462
7 0.15625 0.4939903846153846 0.05769230769230771 0.13701923076923078
7 0.18870192307692307 0.20793269230769232 0.05048076923076922 0.1322115384615385
9 0.19591346153846156 0.1298076923076923 0.055288461538461536 0.12019230769230768
9 0.15264423076923078 0.6274038461538461 0.06971153846153846 0.13461538461538458
10 0.25240384615384615 0.7475961538461539 0.05769230769230768 0.10576923076923084
10 0.25961538461538464 0.625 0.06250000000000003 0.10576923076923084
10 0.2620192307692307 0.5204326923076923 0.05288461538461536 0.09855769230769229
10 0.2752403846153846 0.4170673076923077 0.05048076923076922 0.10336538461538464
10 0.27403846153846156 0.3173076923076923 0.05288461538461536 0.10096153846153849
10 0.28365384615384615 0.23076923076923078 0.04326923076923078 0.09615384615384617
10 0.2848557692307693 0.14423076923076922 0.04567307692307693 0.09134615384615384
10 0.28365384615384615 0.06490384615384616 0.04326923076923078 0.10096153846153846
12 0.20673076923076922 0.05769230769230769 0.0480769230769231 0.10576923076923077
12 0.13942307692307693 0.75 0.0673076923076923 0.14423076923076916
