5 0.8064903846153846 0.3076923076923077 0.07451923076923073 0.16346153846153846
2 0.8161057692307692 0.3858173076923077 0.08413461538461531 0.19951923076923078
1 0.7848557692307692 0.21995192307692307 0.060096153846153855 0.13221153846153844
1 0.8305288461538463 0.5216346153846154 0.06490384615384615 0.13942307692307693
3 0.7668269230769231 0.13581730769230768 0.0625 0.12259615384615384
3 0.8557692307692308 0.6418269230769231 0.08173076923076927 0.1298076923076924
6 0.7620192307692308 0.06129807692307693 0.05288461538461531 0.10817307692307693
6 0.8737980769230769 0.7800480769230769 0.07932692307692302 0.13701923076923073
4 0.671875 0.057692307692307696 0.04567307692307687 0.10096153846153846
4 0.6778846153846154 0.14302884615384615 0.043269230769230727 0.10336538461538462
4 0.6923076923076923 0.23197115384615385 0.04326923076923084 0.10336538461538461
4 0.7043269230769231 0.31971153846153844 0.04807692307692302 0.10576923076923078
4 0.7163461538461539 0.4230769230769231 0.05288461538461542 0.10096153846153844
4 0.7319711538461539 0.5324519230769231 0.05048076923076916 0.11298076923076927
4 0.7463942307692308 0.6514423076923077 0.055288461538461564 0.11057692307692313
4 0.7620192307692307 0.7788461538461539 0.05769230769230771 0.11057692307692313
11 0.16947115384615385 0.28725961538461536 0.06971153846153846 0.18028846153846154
8 0.15264423076923078 0.3798076923076923 0.07451923076923075 0.20192307692307693
7 0.13942307692307693 0.5144230769230769 0.0625 0.14423076923076927
7 0.171875 0.2091346153846154 0.055288461538461564 0.13942307692307693
9 0.18028846153846154 0.12620192307692307 0.05769230769230771 0.12740384615384615
9 0.13581730769230768 0.6586538461538461 0.07451923076923077 0.13942307692307687
10 0.24158653846153844 0.7836538461538461 0.06009615384615383 0.11057692307692313
10 0.24879807692307693 0.6514423076923077 0.06971153846153846 0.11057692307692313
10 0.25240384615384615 0.5408653846153846 0.05769230769230768 0.10576923076923078
10 0.26322115384615385 0.4314903846153846 0.055288461538461564 0.10817307692307693
10 0.2644230769230769 0.3221153846153846 0.05769230769230771 0.10576923076923078
10 0.27283653846153844 0.23317307692307693 0.04567307692307693 0.10096153846153846
10 0.2716346153846154 0.13942307692307693 0.04807692307692307 0.09615384615384616
10 0.2716346153846154 0.05528846153846154 0.04807692307692307 0.10576923076923077
12 0.18990384615384615 0.051682692307692304 0.05288461538461539 0.10336538461538461
12 0.12139423076923077 0.7884615384615385 0.07451923076923075 0.14903846153846156
