5 0.2079326923076923 0.2860576923076923 0.07451923076923075 0.15865384615384615
2 0.1983173076923077 0.3605769230769231 0.08413461538461539 0.1923076923076923
1 0.23076923076923078 0.20072115384615385 0.05769230769230771 0.12740384615384615
1 0.1814903846153846 0.49278846153846156 0.06490384615384615 0.13461538461538464
3 0.24759615384615385 0.11899038461538462 0.0625 0.11778846153846154
3 0.15745192307692307 0.609375 0.07932692307692307 0.12740384615384626
6 0.2536057692307692 0.05048076923076923 0.055288461538461536 0.10096153846153846
6 0.13701923076923075 0.7415865384615385 0.07692307692307691 0.13221153846153844
4 0.3401442307692307 0.046875 0.04567307692307693 0.09375
4 0.3329326923076923 0.12620192307692307 0.04567307692307693 0.09855769230769229
4 0.31971153846153844 0.21153846153846156 0.04326923076923078 0.10096153846153846
4 0.3064903846153846 0.2980769230769231 0.04567307692307693 0.10096153846153844
4 0.2932692307692307 0.39663461538461536 0.05288461538461536 0.09615384615384615
4 0.2776442307692307 0.5036057692307693 0.05048076923076922 0.10817307692307693
4 0.2620192307692307 0.6165865384615384 0.05288461538461536 0.10817307692307687
4 0.2451923076923077 0.7427884615384615 0.05769230769230771 0.10576923076923073
11 0.8245192307692307 0.265625 0.06730769230769229 0.17548076923076925
8 0.8377403846153846 0.3545673076923077 0.07451923076923073 0.1947115384615385
7 0.8497596153846154 0.48557692307692313 0.060096153846153855 0.13942307692307693
7 0.8221153846153846 0.18990384615384615 0.05769230769230771 0.13461538461538458
9 0.8149038461538461 0.109375 0.05769230769230771 0.12259615384615385
9 0.8521634615384615 0.625 0.07451923076923073 0.13461538461538458
10 0.7487980769230769 0.7463942307692308 0.060096153846153855 0.10817307692307698
10 0.7427884615384616 0.6177884615384615 0.06730769230769229 0.10576923076923073
10 0.7415865384615385 0.5120192307692308 0.055288461538461564 0.10096153846153844
10 0.7307692307692308 0.4050480769230769 0.05288461538461531 0.10336538461538458
10 0.7319711538461539 0.29927884615384615 0.05528846153846145 0.10336538461538458
10 0.7247596153846154 0.21153846153846156 0.04567307692307698 0.09615384615384617
10 0.7259615384615384 0.12259615384615385 0.04807692307692313 0.09134615384615385
10 0.7283653846153846 0.04567307692307692 0.04807692307692302 0.09134615384615384
12 0.8064903846153846 0.04447115384615385 0.055288461538461564 0.0889423076923077
12 0.8641826923076923 0.75 0.07451923076923084 0.14423076923076916
