2 0.24038461538461536 0.5829326923076923 0.09615384615384612 0.20913461538461536
6 0.11298076923076922 0.734375 0.07692307692307691 0.1514423076923077
12 0.32572115384615385 0.7115384615384615 0.07451923076923078 0.14903846153846156
9 0.4783653846153846 0.08413461538461538 0.057692307692307654 0.14903846153846154
5 0.3810096153846154 0.25721153846153844 0.07932692307692307 0.18749999999999997
4 0.2980769230769231 0.19110576923076922 0.05288461538461542 0.1081730769230769
4 0.2704326923076923 0.3786057692307693 0.06009615384615383 0.11298076923076922
4 0.3485576923076923 0.4807692307692307 0.05769230769230771 0.11538461538461536
4 0.4651442307692308 0.26322115384615385 0.055288461538461564 0.11298076923076922
3 0.5432692307692308 0.3581730769230769 0.07211538461538469 0.14423076923076927
10 0.5516826923076923 0.25841346153846156 0.055288461538461564 0.10817307692307693
11 0.6310096153846154 0.2451923076923077 0.07932692307692302 0.1826923076923077
8 0.7283653846153846 0.31971153846153844 0.08173076923076927 0.20673076923076922
12 0.7944711538461537 0.02403846153846154 0.06490384615384615 0.04807692307692308
10 0.7163461538461539 0.021634615384615384 0.05288461538461542 0.04326923076923077
10 0.7103365384615385 0.15865384615384615 0.060096153846153855 0.11057692307692307
10 0.7307692307692307 0.5793269230769231 0.06730769230769229 0.1201923076923076
