7 0.44350961538461536 0.6021634615384616 0.060096153846153855 0.14182692307692313
9 0.36778846153846156 0.19110576923076922 0.05288461538461536 0.13221153846153844
11 0.3629807692307692 0.28966346153846156 0.05769230769230771 0.17548076923076922
8 0.17307692307692307 0.3653846153846154 0.08173076923076922 0.20192307692307693
12 0.2536057692307692 0.7439903846153846 0.06971153846153844 0.13701923076923073
12 0.20552884615384615 0.055288461538461536 0.06490384615384615 0.11057692307692307
9 0.1670673076923077 0.6033653846153846 0.07451923076923075 0.14423076923076927
10 0.43990384615384615 0.3016826923076923 0.04807692307692307 0.09855769230769229
10 0.44591346153846156 0.7367788461538461 0.0600961538461538 0.11298076923076916
10 0.26322115384615385 0.6141826923076923 0.060096153846153855 0.11298076923076916
10 0.28846153846153844 0.21875 0.04807692307692307 0.1105769230769231
10 0.2848557692307693 0.056490384615384616 0.05048076923076922 0.10817307692307691
3 0.4435096153846154 0.39302884615384615 0.06971153846153849 0.14182692307692307
6 0.8353365384615384 0.7379807692307692 0.07932692307692313 0.14903846153846156
2 0.7920673076923077 0.3641826923076923 0.07932692307692313 0.20432692307692307
5 0.5997596153846154 0.2932692307692307 0.060096153846153855 0.17307692307692307
4 0.6646634615384616 0.14423076923076922 0.04567307692307687 0.10576923076923077
4 0.6754807692307692 0.22596153846153846 0.04807692307692302 0.10576923076923078
4 0.6971153846153846 0.4026442307692307 0.04807692307692302 0.11298076923076922
4 0.6262019230769231 0.5084134615384616 0.050480769230769273 0.11298076923076922
4 0.5180288461538461 0.06971153846153846 0.05048076923076916 0.11057692307692307
4 0.5204326923076923 0.30288461538461536 0.05048076923076916 0.11538461538461539
