6 0.34254807692307687 0.7908653846153846 0.07932692307692307 0.14903846153846156
6 0.12740384615384615 0.8088942307692307 0.08173076923076925 0.1514423076923077
2 0.25841346153846156 0.6550480769230769 0.09855769230769232 0.21875
5 0.3918269230769231 0.3173076923076923 0.06730769230769229 0.18749999999999997
4 0.3004807692307693 0.24879807692307693 0.05288461538461536 0.12259615384615385
4 0.3605769230769231 0.5576923076923077 0.0625 0.1298076923076923
4 0.4783653846153846 0.3293269230769231 0.05288461538461536 0.11538461538461542
3 0.7355769230769231 0.5360576923076923 0.07692307692307698 0.1538461538461539
8 0.7427884615384616 0.39783653846153844 0.07692307692307687 0.21394230769230765
10 0.75 0.6706730769230769 0.0625 0.1201923076923076
12 0.8305288461538461 0.22596153846153844 0.06971153846153855 0.12499999999999997
10 0.7283653846153846 0.057692307692307696 0.05288461538461542 0.11057692307692307
10 0.640625 0.15625 0.05528846153846145 0.11538461538461538
10 0.5612980769230769 0.3329326923076923 0.055288461538461564 0.11778846153846151
