6 0.6430288461538461 0.7824519230769231 0.07451923076923084 0.14182692307692302
6 0.8485576923076923 0.7932692307692308 0.07692307692307687 0.14423076923076927
2 0.7223557692307693 0.6490384615384615 0.09375 0.20673076923076927
5 0.59375 0.33052884615384615 0.0625 0.18028846153846154
4 0.6802884615384616 0.2608173076923077 0.05288461538461542 0.11778846153846151
4 0.6225961538461539 0.5588942307692308 0.05769230769230771 0.12259615384615385
4 0.5096153846153846 0.34254807692307687 0.04807692307692307 0.10817307692307693
3 0.26322115384615385 0.546875 0.07451923076923075 0.14663461538461542
8 0.25721153846153844 0.41346153846153844 0.07211538461538464 0.20192307692307687
10 0.2512019230769231 0.6766826923076923 0.060096153846153855 0.11298076923076916
12 0.17307692307692307 0.25 0.06730769230769229 0.12019230769230771
10 0.26802884615384615 0.08653846153846154 0.050480769230769246 0.10576923076923078
10 0.3533653846153846 0.1814903846153846 0.05288461538461536 0.10817307692307693
10 0.4314903846153846 0.3473557692307693 0.05048076923076922 0.11298076923076922
