6 0.6430288461538461 0.7584134615384616 0.07451923076923084 0.14182692307692313
6 0.8473557692307692 0.7644230769230769 0.07932692307692302 0.14423076923076927
2 0.7211538461538463 0.6237980769230769 0.09134615384615385 0.2091346153846153
5 0.59375 0.3088942307692308 0.0625 0.18028846153846156
4 0.6790865384615385 0.23677884615384615 0.050480769230769273 0.11778846153846154
4 0.6225961538461539 0.5348557692307692 0.05769230769230771 0.12259615384615385
4 0.5096153846153846 0.3245192307692307 0.04807692307692307 0.11057692307692307
3 0.26322115384615385 0.5348557692307692 0.07451923076923075 0.1466346153846153
8 0.2560096153846154 0.4026442307692307 0.07451923076923078 0.20432692307692307
10 0.24879807692307693 0.6646634615384615 0.060096153846153855 0.11298076923076927
12 0.171875 0.2427884615384615 0.06490384615384615 0.12019230769230768
10 0.26802884615384615 0.07572115384615384 0.050480769230769246 0.10336538461538461
10 0.3533653846153846 0.16706730769230768 0.05288461538461536 0.10817307692307691
10 0.42908653846153844 0.33052884615384615 0.05048076923076922 0.11298076923076922
