3 0.4278846153846154 0.4182692307692307 0.07211538461538464 0.14423076923076922
4 0.515625 0.06971153846153846 0.05048076923076922 0.11057692307692307
6 0.8401442307692307 0.7848557692307693 0.09375 0.1514423076923077
2 0.8076923076923077 0.5204326923076923 0.09615384615384615 0.2139423076923077
5 0.5949519230769231 0.3112980769230769 0.06971153846153844 0.19471153846153846
4 0.6959134615384615 0.4338942307692307 0.055288461538461564 0.11298076923076922
4 0.6778846153846154 0.24759615384615385 0.04807692307692302 0.11057692307692304
4 0.5060096153846154 0.3245192307692307 0.05528846153846151 0.11057692307692307
4 0.6153846153846154 0.5372596153846154 0.05769230769230771 0.11778846153846151
12 0.6298076923076923 0.7632211538461539 0.08173076923076916 0.1514423076923077
12 0.18870192307692307 0.0625 0.06490384615384615 0.12019230769230768
11 0.34375 0.3112980769230769 0.06730769230769229 0.18509615384615385
8 0.24519230769230768 0.39302884615384615 0.08173076923076922 0.20913461538461542
7 0.41947115384615385 0.6370192307692308 0.06971153846153844 0.15384615384615385
9 0.5036057692307692 0.14423076923076922 0.060096153846153855 0.13942307692307693
9 0.3341346153846154 0.5252403846153846 0.07211538461538464 0.15144230769230765
10 0.421875 0.3185096153846154 0.055288461538461564 0.11298076923076922
10 0.2668269230769231 0.057692307692307696 0.05288461538461539 0.11057692307692307
10 0.2668269230769231 0.2283653846153846 0.05288461538461539 0.11538461538461536
10 0.2295673076923077 0.6466346153846154 0.06490384615384617 0.125
