3 0.4483173076923077 0.38341346153846156 0.06971153846153849 0.14182692307692307
4 0.5132211538461539 0.04927884615384616 0.05048076923076922 0.09375
6 0.8701923076923077 0.7391826923076923 0.09134615384615385 0.14663461538461542
2 0.8257211538461539 0.4807692307692308 0.09855769230769229 0.20673076923076927
5 0.6045673076923077 0.2776442307692308 0.07451923076923084 0.18990384615384617
4 0.7103365384615385 0.3954326923076923 0.055288461538461564 0.10817307692307693
4 0.6838942307692308 0.21514423076923078 0.050480769230769273 0.1081730769230769
4 0.5204326923076923 0.28966346153846156 0.055288461538461564 0.10817307692307693
4 0.6370192307692307 0.4987980769230769 0.05769230769230771 0.11298076923076927
12 0.6634615384615385 0.71875 0.08173076923076927 0.14903846153846145
12 0.1935096153846154 0.04807692307692308 0.06490384615384615 0.09615384615384616
11 0.359375 0.27884615384615385 0.06971153846153844 0.1826923076923077
8 0.265625 0.359375 0.08413461538461539 0.20432692307692313
7 0.4519230769230769 0.5961538461538461 0.06730769230769229 0.14903846153846145
9 0.5060096153846154 0.11538461538461539 0.060096153846153855 0.13942307692307693
9 0.36177884615384615 0.48677884615384615 0.07451923076923078 0.14663461538461542
10 0.43509615384615385 0.2848557692307693 0.05288461538461542 0.10817307692307693
10 0.2692307692307692 0.04567307692307693 0.05769230769230768 0.08653846153846154
10 0.2800480769230769 0.19831730769230768 0.050480769230769273 0.11298076923076922
10 0.265625 0.6069711538461537 0.06490384615384615 0.12259615384615385
