2 0.7764423076923077 0.29447115384615385 0.08653846153846156 0.20913461538461542
1 0.6045673076923077 0.15504807692307693 0.060096153846153855 0.14182692307692307
6 0.5721153846153846 0.07572115384615385 0.05769230769230771 0.12740384615384615
6 0.5084134615384615 0.1622596153846154 0.06490384615384615 0.12740384615384615
4 0.6947115384615384 0.3377403846153846 0.05288461538461542 0.11298076923076922
4 0.7644230769230769 0.78125 0.0673076923076924 0.12019230769230771
4 0.6237980769230769 0.5324519230769231 0.060096153846153855 0.12259615384615385
4 0.5612980769230769 0.6598557692307692 0.06490384615384615 0.12740384615384615
4 0.42427884615384615 0.17427884615384615 0.05048076923076922 0.10336538461538462
3 0.4483173076923077 0.24759615384615385 0.06971153846153849 0.1394230769230769
3 0.265625 0.6394230769230769 0.08413461538461539 0.14903846153846156
8 0.17548076923076922 0.40625 0.08653846153846154 0.20673076923076922
7 0.18990384615384615 0.1514423076923077 0.07692307692307693 0.14423076923076925
7 0.36778846153846156 0.421875 0.07211538461538464 0.1514423076923077
12 0.19951923076923078 0.09615384615384616 0.06730769230769232 0.1346153846153846
11 0.3485576923076923 0.14663461538461536 0.07692307692307693 0.18269230769230768
9 0.25841346153846156 0.7872596153846154 0.08413461538461536 0.16586538461538458
10 0.27884615384615385 0.1610576923076923 0.05769230769230771 0.11538461538461539
10 0.26802884615384615 0.33653846153846156 0.060096153846153855 0.10576923076923078
10 0.27283653846153844 0.43509615384615385 0.06971153846153849 0.11538461538461542
10 0.37259615384615385 0.5661057692307692 0.06730769230769229 0.12740384615384615
