2 0.8064903846153846 0.2668269230769231 0.09375 0.22115384615384615
1 0.6237980769230769 0.12259615384615384 0.06490384615384615 0.14903846153846154
6 0.5925480769230769 0.054086538461538464 0.060096153846153855 0.10817307692307693
6 0.5228365384615384 0.1298076923076923 0.0649038461538462 0.1346153846153846
4 0.7199519230769231 0.3137019230769231 0.055288461538461564 0.11778846153846156
4 0.7920673076923077 0.7800480769230769 0.06971153846153844 0.12740384615384615
4 0.6442307692307693 0.5204326923076923 0.0625 0.1322115384615385
4 0.5793269230769231 0.6538461538461539 0.07211538461538469 0.13461538461538458
4 0.4326923076923077 0.14302884615384615 0.05288461538461536 0.11298076923076925
3 0.46033653846153844 0.22115384615384615 0.07451923076923078 0.14423076923076925
3 0.265625 0.6346153846153846 0.08894230769230771 0.15865384615384615
8 0.17307692307692307 0.3894230769230769 0.09134615384615385 0.21634615384615385
7 0.18629807692307693 0.12019230769230768 0.07932692307692307 0.15384615384615385
7 0.375 0.40625 0.07692307692307687 0.15865384615384615
12 0.19951923076923078 0.0673076923076923 0.07211538461538461 0.1346153846153846
11 0.3545673076923077 0.11538461538461539 0.07932692307692307 0.1923076923076923
9 0.2596153846153846 0.7896634615384615 0.08653846153846151 0.17548076923076927
10 0.2824519230769231 0.1298076923076923 0.060096153846153855 0.12019230769230768
10 0.2704326923076923 0.31490384615384615 0.06490384615384615 0.11057692307692307
10 0.27403846153846156 0.41947115384615385 0.07211538461538464 0.12259615384615385
10 0.3786057692307692 0.5576923076923077 0.06971153846153844 0.13461538461538464
