2 0.8269230769230769 0.30649038461538464 0.09134615384615385 0.22355769230769232
1 0.6454326923076923 0.15625 0.06490384615384615 0.15384615384615385
6 0.6117788461538463 0.07211538461538461 0.060096153846153855 0.13942307692307693
6 0.5420673076923077 0.1622596153846154 0.06490384615384615 0.13701923076923078
4 0.7391826923076923 0.3533653846153846 0.055288461538461564 0.12019230769230765
4 0.8076923076923077 0.828125 0.06730769230769229 0.12740384615384626
4 0.6598557692307692 0.5612980769230769 0.060096153846153855 0.13221153846153844
4 0.5925480769230769 0.6959134615384615 0.06971153846153844 0.13701923076923073
4 0.4495192307692307 0.17427884615384615 0.05288461538461536 0.11298076923076925
3 0.47596153846153844 0.25240384615384615 0.07211538461538458 0.14903846153846154
3 0.2752403846153846 0.671875 0.08894230769230765 0.1610576923076923
8 0.18149038461538464 0.4206730769230769 0.08894230769230768 0.22115384615384615
7 0.19951923076923078 0.1466346153846154 0.08173076923076925 0.15384615384615385
7 0.38942307692307687 0.43990384615384615 0.07692307692307693 0.1634615384615385
12 0.21153846153846154 0.08774038461538462 0.07211538461538464 0.1466346153846154
11 0.3701923076923077 0.14302884615384615 0.07692307692307693 0.19471153846153846
9 0.265625 0.8293269230769231 0.08894230769230771 0.1778846153846153
10 0.296875 0.15985576923076922 0.060096153846153855 0.12259615384615384
10 0.28125 0.3449519230769231 0.0625 0.11298076923076927
10 0.28365384615384615 0.45192307692307687 0.07211538461538458 0.12499999999999994
10 0.390625 0.59375 0.06971153846153844 0.13461538461538458
