9 0.5420673076923077 0.6658653846153846 0.07451923076923084 0.16826923076923073
8 0.8461538461538461 0.3209134615384615 0.08653846153846145 0.21394230769230768
11 0.6658653846153846 0.15264423076923075 0.06730769230769229 0.18509615384615383
7 0.5625 0.44591346153846156 0.07211538461538458 0.1514423076923077
12 0.5829326923076923 0.16346153846153846 0.06490384615384615 0.1298076923076923
10 0.5625 0.33653846153846156 0.05769230769230771 0.11057692307692307
10 0.7379807692307693 0.17908653846153846 0.06730769230769229 0.12259615384615385
10 0.7475961538461539 0.3557692307692307 0.05769230769230771 0.11538461538461536
10 0.6454326923076923 0.5829326923076923 0.060096153846153855 0.13221153846153844
6 0.7439903846153846 0.08533653846153846 0.06971153846153844 0.12740384615384615
3 0.7536057692307692 0.671875 0.08413461538461531 0.17067307692307687
1 0.49399038461538464 0.2391826923076923 0.055288461538461564 0.15144230769230768
2 0.22235576923076922 0.29927884615384615 0.08894230769230768 0.2091346153846154
4 0.31009615384615385 0.3425480769230769 0.05288461538461542 0.11778846153846156
4 0.4495192307692308 0.6802884615384616 0.05769230769230771 0.1298076923076923
4 0.3846153846153846 0.5504807692307693 0.057692307692307654 0.12500000000000006
