9 0.44471153846153844 0.6442307692307692 0.07211538461538464 0.16826923076923073
8 0.15264423076923078 0.29927884615384615 0.08413461538461539 0.21394230769230768
11 0.34134615384615385 0.12860576923076922 0.06730769230769229 0.18509615384615385
7 0.4338942307692308 0.4230769230769231 0.06971153846153844 0.14903846153846156
12 0.421875 0.140625 0.06490384615384615 0.13221153846153844
10 0.4375 0.31490384615384615 0.05769230769230771 0.11057692307692307
10 0.2668269230769231 0.15625 0.06730769230769229 0.1201923076923077
10 0.2512019230769231 0.3317307692307693 0.055288461538461536 0.11538461538461536
10 0.34375 0.5612980769230769 0.05769230769230771 0.13221153846153844
6 0.2644230769230769 0.06370192307692307 0.06730769230769229 0.12740384615384615
3 0.23317307692307693 0.6478365384615384 0.08173076923076925 0.17067307692307687
1 0.5072115384615384 0.21514423076923078 0.05288461538461536 0.1514423076923077
2 0.7764423076923077 0.2776442307692307 0.08653846153846156 0.20913461538461536
4 0.6899038461538461 0.32091346153846156 0.05288461538461542 0.11778846153846151
4 0.5372596153846154 0.65625 0.055288461538461564 0.1298076923076923
4 0.6069711538461539 0.5276442307692308 0.05528846153846145 0.12259615384615385
