9 0.46875 0.6526442307692307 0.07211538461538458 0.1610576923076923
8 0.17067307692307693 0.30528846153846156 0.08173076923076922 0.20673076923076922
11 0.3485576923076923 0.1502403846153846 0.06730769230769229 0.18028846153846154
7 0.4483173076923077 0.4375 0.06971153846153849 0.14423076923076922
12 0.42788461538461536 0.16346153846153846 0.0625 0.125
10 0.4471153846153846 0.3317307692307693 0.057692307692307654 0.10576923076923078
10 0.27884615384615385 0.17307692307692307 0.06730769230769232 0.11538461538461539
10 0.26802884615384615 0.3425480769230769 0.055288461538461536 0.11298076923076927
10 0.36658653846153844 0.5673076923076923 0.05528846153846151 0.125
6 0.2728365384615385 0.07692307692307693 0.06490384615384617 0.1298076923076923
3 0.2620192307692307 0.6478365384615384 0.08173076923076922 0.1610576923076923
1 0.5144230769230769 0.2403846153846154 0.05288461538461536 0.14423076923076922
2 0.7764423076923077 0.31009615384615385 0.08653846153846156 0.2019230769230769
4 0.6935096153846154 0.3497596153846154 0.050480769230769273 0.11298076923076922
4 0.5576923076923077 0.6706730769230769 0.05769230769230771 0.125
4 0.6213942307692308 0.546875 0.055288461538461564 0.11778846153846151
