5 0.203125 0.3858173076923077 0.07932692307692307 0.1802884615384615
2 0.22716346153846154 0.28125 0.07932692307692307 0.1875
3 0.23076923076923078 0.21875 0.06730769230769232 0.125
3 0.17668269230769232 0.5264423076923077 0.07932692307692307 0.125
1 0.2548076923076923 0.12740384615384615 0.05288461538461539 0.13942307692307693
1 0.16826923076923078 0.6430288461538461 0.06730769230769232 0.13701923076923084
6 0.2764423076923077 0.057692307692307696 0.05769230769230771 0.11538461538461539
6 0.140625 0.7764423076923077 0.07932692307692307 0.13461538461538458
4 0.24759615384615385 0.7752403846153846 0.0625 0.11778846153846156
4 0.2704326923076923 0.6298076923076923 0.06490384615384615 0.11538461538461542
4 0.2980769230769231 0.5228365384615384 0.05769230769230771 0.10817307692307687
4 0.3016826923076923 0.4074519230769231 0.05528846153846151 0.10336538461538458
4 0.3137019230769231 0.31971153846153844 0.050480769230769273 0.10096153846153849
4 0.3221153846153846 0.23918269230769232 0.04807692307692307 0.10336538461538464
4 0.34134615384615385 0.1466346153846154 0.04326923076923078 0.10096153846153845
4 0.34615384615384615 0.05889423076923077 0.04326923076923078 0.10336538461538461
11 0.8341346153846154 0.28365384615384615 0.06730769230769229 0.1778846153846154
8 0.8509615384615384 0.36778846153846156 0.07692307692307687 0.20192307692307693
9 0.8413461538461539 0.19951923076923078 0.06730769230769229 0.12019230769230771
9 0.8497596153846154 0.5084134615384615 0.06971153846153844 0.13701923076923073
7 0.828125 0.10456730769230768 0.05528846153846145 0.14182692307692307
7 0.8641826923076923 0.6310096153846154 0.06971153846153844 0.14663461538461542
12 0.8173076923076923 0.051682692307692304 0.05769230769230771 0.10336538461538461
12 0.8762019230769231 0.7752403846153846 0.07451923076923073 0.14182692307692302
10 0.7463942307692308 0.04807692307692308 0.04567307692307698 0.09615384615384616
10 0.7403846153846154 0.12860576923076922 0.04807692307692302 0.10336538461538461
10 0.7524038461538461 0.2139423076923077 0.04807692307692313 0.10576923076923075
10 0.7475961538461539 0.2980769230769231 0.05288461538461542 0.10096153846153844
10 0.7487980769230769 0.4026442307692307 0.055288461538461564 0.10817307692307693
10 0.7548076923076923 0.5168269230769231 0.05288461538461542 0.11057692307692302
10 0.7620192307692307 0.6394230769230769 0.05769230769230771 0.11538461538461531
10 0.7668269230769231 0.7776442307692308 0.0673076923076924 0.11298076923076927
