7 0.5444711538461539 0.4002403846153846 0.07451923076923084 0.15144230769230765
12 0.5528846153846154 0.3028846153846154 0.0625 0.13942307692307693
9 0.5336538461538461 0.6322115384615385 0.07692307692307687 0.16826923076923073
8 0.8401442307692307 0.2668269230769231 0.08894230769230771 0.22596153846153844
11 0.6514423076923077 0.09735576923076923 0.07692307692307687 0.18990384615384617
10 0.7271634615384615 0.11658653846153846 0.060096153846153855 0.11778846153846152
10 0.7403846153846154 0.3004807692307692 0.0625 0.11538461538461539
10 0.6358173076923077 0.5420673076923077 0.055288461538461564 0.1274038461538461
6 0.7283653846153846 0.04567307692307692 0.05288461538461542 0.08173076923076923
3 0.6466346153846154 0.38822115384615385 0.06730769230769229 0.16586538461538458
2 0.19591346153846154 0.2548076923076923 0.09375 0.21634615384615383
4 0.5588942307692308 0.515625 0.060096153846153855 0.11778846153846151
4 0.3894230769230769 0.30408653846153844 0.05769230769230771 0.12259615384615383
4 0.4375 0.6454326923076923 0.0625 0.12740384615384615
