7 0.4158653846153846 0.3786057692307692 0.08173076923076922 0.15625
12 0.40384615384615385 0.28125 0.06730769230769229 0.14423076923076925
9 0.4326923076923077 0.6141826923076923 0.08173076923076922 0.17548076923076916
8 0.11177884615384615 0.24879807692307693 0.09374999999999999 0.2331730769230769
11 0.3004807692307693 0.08533653846153846 0.08173076923076922 0.17067307692307693
10 0.2235576923076923 0.09495192307692307 0.06249999999999997 0.12259615384615385
10 0.2139423076923077 0.2824519230769231 0.06730769230769232 0.11778846153846154
10 0.32572115384615385 0.5264423076923077 0.060096153846153855 0.1298076923076923
6 0.22115384615384615 0.03245192307692308 0.05769230769230768 0.06490384615384616
3 0.3125 0.3701923076923077 0.07211538461538458 0.16826923076923078
2 0.7680288461538461 0.2235576923076923 0.10336538461538458 0.22115384615384615
4 0.4026442307692308 0.4951923076923077 0.06490384615384615 0.12019230769230771
4 0.5721153846153846 0.2764423076923077 0.0625 0.12500000000000003
4 0.53125 0.6262019230769231 0.06730769230769229 0.13221153846153844
