7 0.5552884615384616 0.42908653846153844 0.07211538461538458 0.14182692307692307
12 0.5637019230769231 0.33653846153846156 0.060096153846153855 0.13461538461538464
9 0.5480769230769231 0.6502403846153846 0.07211538461538469 0.1610576923076923
8 0.8341346153846154 0.29927884615384615 0.08173076923076927 0.21394230769230768
11 0.6550480769230769 0.13942307692307693 0.06971153846153844 0.17788461538461536
10 0.7259615384615384 0.15985576923076922 0.05769230769230771 0.11298076923076925
10 0.7403846153846154 0.3341346153846154 0.05769230769230771 0.11057692307692307
10 0.6430288461538461 0.5637019230769231 0.05048076923076916 0.11778846153846156
6 0.7259615384615384 0.06370192307692307 0.04807692307692313 0.12740384615384615
3 0.6514423076923077 0.4182692307692308 0.0625 0.15865384615384615
2 0.22475961538461536 0.2956730769230769 0.08894230769230768 0.2019230769230769
4 0.5709134615384615 0.5384615384615384 0.055288461538461564 0.11057692307692307
4 0.4074519230769231 0.3389423076923077 0.055288461538461564 0.11538461538461536
4 0.4543269230769231 0.6634615384615384 0.05769230769230771 0.12019230769230771
