6 0.11418269230769232 0.765625 0.07932692307692309 0.14182692307692313
2 0.234375 0.6129807692307692 0.08894230769230771 0.21634615384615385
5 0.3641826923076923 0.2908653846153846 0.06490384615384615 0.17788461538461536
4 0.2824519230769231 0.22355769230769232 0.050480769230769273 0.11057692307692307
4 0.2608173076923077 0.40865384615384615 0.05528846153846151 0.11057692307692307
4 0.3401442307692308 0.5096153846153846 0.060096153846153855 0.11057692307692307
4 0.45072115384615385 0.2920673076923077 0.055288461538461564 0.10817307692307693
3 0.5300480769230769 0.3810096153846154 0.060096153846153855 0.14182692307692307
7 0.5300480769230769 0.6021634615384616 0.06490384615384615 0.1514423076923077
11 0.6153846153846154 0.27283653846153844 0.07211538461538458 0.18509615384615383
8 0.7091346153846154 0.3485576923076923 0.07692307692307698 0.20192307692307693
9 0.6177884615384616 0.48197115384615385 0.0625 0.1514423076923077
10 0.5348557692307692 0.28966346153846156 0.050480769230769273 0.10817307692307693
10 0.6899038461538461 0.1875 0.04807692307692313 0.11057692307692307
10 0.7163461538461539 0.6033653846153846 0.0625 0.12019230769230771
10 0.6923076923076923 0.040865384615384616 0.05288461538461542 0.08173076923076923
12 0.7716346153846154 0.038461538461538464 0.0625 0.07692307692307693
12 0.3185096153846154 0.7379807692307692 0.07451923076923078 0.15384615384615385
