6 0.8353365384615384 0.7728365384615385 0.07932692307692313 0.13701923076923073
2 0.7259615384615385 0.6274038461538461 0.08653846153846156 0.20673076923076916
5 0.6117788461538463 0.3161057692307693 0.06490384615384615 0.17067307692307693
4 0.6935096153846154 0.25240384615384615 0.050480769230769273 0.10576923076923078
4 0.7067307692307692 0.43028846153846156 0.05288461538461531 0.10576923076923078
4 0.6274038461538461 0.5252403846153846 0.05769230769230771 0.10817307692307698
4 0.5276442307692308 0.3161057692307693 0.055288461538461564 0.10336538461538464
3 0.4483173076923077 0.4026442307692307 0.060096153846153855 0.13701923076923078
7 0.4411057692307692 0.6129807692307692 0.06490384615384615 0.14423076923076927
11 0.3713942307692308 0.2956730769230769 0.06971153846153844 0.17788461538461542
8 0.27884615384615385 0.36658653846153844 0.0769230769230769 0.1947115384615385
9 0.36177884615384615 0.4963942307692307 0.06490384615384615 0.14663461538461536
10 0.4483173076923077 0.3112980769230769 0.05048076923076922 0.10336538461538458
10 0.3028846153846154 0.2139423076923077 0.04807692307692307 0.10576923076923075
10 0.26322115384615385 0.6117788461538461 0.060096153846153855 0.11298076923076916
10 0.3064903846153846 0.06009615384615384 0.05048076923076922 0.10096153846153846
12 0.23076923076923078 0.057692307692307696 0.0625 0.10096153846153846
12 0.640625 0.7451923076923077 0.06971153846153855 0.14903846153846156
