9 0.234375 0.7896634615384616 0.0793269230769231 0.14663461538461542
9 0.35096153846153844 0.3221153846153846 0.0625 0.13942307692307693
12 0.1971153846153846 0.09014423076923077 0.0625 0.12259615384615383
8 0.15865384615384615 0.4098557692307692 0.08653846153846154 0.2091346153846153
7 0.1875 0.14903846153846154 0.0625 0.14423076923076922
7 0.3545673076923077 0.42427884615384615 0.06490384615384615 0.14182692307692307
11 0.34375 0.14903846153846154 0.06730769230769229 0.17307692307692307
10 0.4122596153846154 0.08653846153846154 0.05528846153846151 0.10576923076923078
10 0.41346153846153844 0.24639423076923075 0.05288461538461536 0.11298076923076922
10 0.2704326923076923 0.1670673076923077 0.050480769230769246 0.11778846153846154
10 0.25841346153846156 0.3425480769230769 0.05048076923076922 0.11298076923076927
10 0.25961538461538464 0.43509615384615385 0.06250000000000003 0.11057692307692307
10 0.24879807692307693 0.6670673076923077 0.060096153846153855 0.11298076923076916
1 0.5949519230769231 0.15865384615384615 0.055288461538461564 0.14903846153846154
1 0.36177884615384615 0.5360576923076923 0.06490384615384615 0.14903846153846156
3 0.6358173076923077 0.65625 0.06971153846153844 0.15384615384615374
3 0.5973557692307692 0.33533653846153844 0.060096153846153855 0.15144230769230765
5 0.5216346153846154 0.4278846153846154 0.06730769230769235 0.18750000000000006
2 0.7704326923076923 0.2956730769230769 0.07932692307692313 0.2019230769230769
6 0.7908653846153846 0.4338942307692307 0.06730769230769229 0.13701923076923078
6 0.5745192307692307 0.08293269230769232 0.05769230769230771 0.12740384615384615
4 0.4891826923076923 0.171875 0.04567307692307687 0.10336538461538462
4 0.5132211538461539 0.26322115384615385 0.05048076923076922 0.10336538461538461
4 0.7427884615384616 0.7836538461538461 0.0625 0.11538461538461542
4 0.6838942307692308 0.34375 0.050480769230769273 0.10576923076923073
4 0.6081730769230769 0.5384615384615384 0.05288461538461531 0.11057692307692307
4 0.5432692307692307 0.6670673076923077 0.05769230769230771 0.11778846153846156
