11 0.34615384615384615 0.15384615384615385 0.06730769230769229 0.17788461538461536
7 0.35697115384615385 0.42908653846153844 0.060096153846153855 0.14663461538461536
12 0.1983173076923077 0.09014423076923077 0.055288461538461536 0.12740384615384617
7 0.18509615384615385 0.1502403846153846 0.05769230769230768 0.14182692307692307
8 0.16826923076923078 0.30408653846153844 0.0769230769230769 0.20913461538461536
10 0.27283653846153844 0.16586538461538464 0.055288461538461536 0.11538461538461539
10 0.2596153846153846 0.3377403846153846 0.05288461538461536 0.10817307692307693
10 0.2608173076923077 0.4375 0.060096153846153855 0.11057692307692313
10 0.3545673076923077 0.5612980769230769 0.060096153846153855 0.11778846153846156
2 0.7692307692307692 0.3016826923076923 0.08173076923076927 0.20432692307692307
9 0.24038461538461536 0.7896634615384616 0.08653846153846154 0.15625
3 0.2439903846153846 0.6442307692307692 0.07932692307692307 0.15384615384615385
3 0.4423076923076923 0.24879807692307693 0.06730769230769229 0.12740384615384615
1 0.5985576923076923 0.15625 0.05288461538461542 0.14423076923076922
6 0.5697115384615384 0.08293269230769232 0.05288461538461542 0.12740384615384615
6 0.5120192307692307 0.3425480769230769 0.062499999999999944 0.12740384615384615
4 0.7427884615384616 0.7860576923076923 0.0625 0.11538461538461542
4 0.42067307692307687 0.17668269230769232 0.04807692307692307 0.10817307692307694
4 0.6838942307692308 0.34134615384615385 0.055288461538461564 0.11057692307692307
4 0.609375 0.5408653846153846 0.05048076923076916 0.12019230769230765
4 0.5408653846153846 0.6646634615384615 0.05288461538461542 0.11778846153846156
