8 0.1658653846153846 0.3016826923076923 0.08173076923076922 0.21394230769230768
10 0.27524038461538464 0.17307692307692307 0.06009615384615388 0.10576923076923077
10 0.25961538461538464 0.34375 0.06250000000000003 0.11538461538461542
12 0.43509615384615385 0.33653846153846156 0.0625 0.13942307692307693
7 0.4411057692307692 0.4375 0.06490384615384615 0.1490384615384615
10 0.3533653846153846 0.5649038461538461 0.06730769230769235 0.12019230769230771
11 0.7716346153846154 0.32091346153846156 0.07692307692307698 0.1802884615384615
2 0.6923076923076923 0.3137019230769231 0.08173076923076916 0.2043269230769231
6 0.27163461538461536 0.07451923076923078 0.06249999999999997 0.125
4 0.3449519230769231 0.44591346153846156 0.055288461538461564 0.11778846153846151
4 0.5372596153846154 0.6682692307692307 0.06490384615384615 0.12019230769230771
4 0.5865384615384616 0.3449519230769231 0.05288461538461542 0.11778846153846156
