2 0.23798076923076922 0.2920673076923077 0.08653846153846154 0.2139423076923077
1 0.40625 0.1466346153846154 0.05288461538461542 0.14423076923076922
6 0.43149038461538464 0.06610576923076923 0.06490384615384615 0.13221153846153846
6 0.4891826923076923 0.4254807692307692 0.07451923076923078 0.15865384615384615
4 0.32572115384615385 0.3329326923076923 0.060096153846153855 0.11778846153846151
4 0.27403846153846156 0.7740384615384616 0.06250000000000003 0.125
4 0.47115384615384615 0.6598557692307692 0.06730769230769229 0.12740384615384615
4 0.4050480769230769 0.5264423076923077 0.060096153846153855 0.1298076923076923
4 0.5889423076923077 0.16466346153846154 0.05288461538461542 0.10817307692307693
4 0.5132211538461539 0.1622596153846154 0.0600961538461538 0.10817307692307693
3 0.4098557692307692 0.3245192307692308 0.06971153846153844 0.15384615384615385
3 0.5757211538461539 0.765625 0.07451923076923084 0.16586538461538458
11 0.6586538461538461 0.12860576923076922 0.07211538461538458 0.18509615384615385
9 0.7860576923076923 0.7740384615384615 0.09134615384615385 0.16346153846153844
12 0.8076923076923077 0.0673076923076923 0.06730769230769229 0.12980769230769232
7 0.65625 0.41346153846153844 0.07211538461538458 0.1586538461538462
7 0.8173076923076923 0.12980769230769232 0.06730769230769229 0.16346153846153846
8 0.8521634615384616 0.38822115384615385 0.09855769230769229 0.20913461538461542
10 0.5901442307692308 0.06850961538461539 0.060096153846153855 0.11298076923076923
10 0.7319711538461537 0.14783653846153846 0.060096153846153855 0.11778846153846152
10 0.7524038461538461 0.3173076923076923 0.05288461538461542 0.11538461538461536
10 0.7524038461538461 0.4206730769230769 0.0625 0.12019230769230771
10 0.6586538461538461 0.5444711538461539 0.06730769230769229 0.1274038461538461
