2 0.7908653846153846 0.27884615384615385 0.09134615384615385 0.22596153846153846
1 0.6081730769230769 0.125 0.0576923076923076 0.15384615384615385
6 0.578125 0.056490384615384616 0.06971153846153855 0.11298076923076923
6 0.5204326923076923 0.42908653846153844 0.07932692307692307 0.17067307692307687
4 0.6947115384615384 0.3245192307692308 0.0625 0.125
4 0.7572115384615384 0.796875 0.06730769230769229 0.13221153846153855
4 0.5444711538461539 0.6778846153846154 0.06971153846153855 0.13461538461538458
4 0.6129807692307693 0.5348557692307692 0.0625 0.13701923076923073
4 0.4110576923076923 0.1514423076923077 0.05769230769230771 0.11538461538461539
4 0.49278846153846156 0.1466346153846154 0.0625 0.11538461538461538
3 0.6045673076923077 0.3173076923076923 0.07451923076923084 0.1634615384615385
3 0.4314903846153846 0.7956730769230769 0.07932692307692307 0.1778846153846153
11 0.33653846153846156 0.11298076923076923 0.07211538461538464 0.1971153846153846
9 0.20913461538461536 0.8088942307692308 0.09615384615384612 0.17548076923076927
12 0.17548076923076922 0.06129807692307692 0.07211538461538461 0.12259615384615384
7 0.3425480769230769 0.41947115384615385 0.07451923076923073 0.16586538461538458
7 0.1670673076923077 0.11899038461538461 0.06971153846153846 0.17548076923076922
8 0.13100961538461536 0.39783653846153844 0.10336538461538461 0.2235576923076923
10 0.4074519230769231 0.054086538461538464 0.06490384615384615 0.10817307692307693
10 0.25721153846153844 0.13581730769230768 0.06249999999999997 0.12259615384615384
10 0.2391826923076923 0.31850961538461536 0.055288461538461536 0.12259615384615385
10 0.23677884615384615 0.42908653846153844 0.06490384615384615 0.1274038461538462
10 0.34134615384615385 0.5625 0.07211538461538458 0.13461538461538458
