2 0.21033653846153844 0.2932692307692308 0.08894230769230768 0.21634615384615385
1 0.3894230769230769 0.14783653846153846 0.05288461538461542 0.14663461538461536
6 0.4182692307692308 0.07091346153846155 0.06730769230769229 0.13221153846153846
6 0.46634615384615385 0.43990384615384615 0.07692307692307693 0.1634615384615385
4 0.29927884615384615 0.33774038461538464 0.060096153846153855 0.12259615384615385
4 0.23197115384615385 0.7896634615384615 0.06490384615384615 0.12740384615384615
4 0.4375 0.6790865384615385 0.06730769230769229 0.13221153846153844
4 0.375 0.5396634615384615 0.05769230769230771 0.13221153846153844
4 0.5769230769230769 0.17548076923076925 0.05288461538461531 0.11057692307692309
4 0.4987980769230769 0.16947115384615385 0.060096153846153855 0.11298076923076923
3 0.38822115384615385 0.3329326923076923 0.06971153846153844 0.1610576923076923
3 0.5432692307692308 0.7932692307692308 0.07692307692307698 0.17307692307692302
11 0.6502403846153846 0.13942307692307693 0.06971153846153844 0.1875
9 0.7572115384615385 0.8088942307692308 0.09134615384615385 0.17067307692307698
12 0.8052884615384616 0.0829326923076923 0.06730769230769229 0.13221153846153846
7 0.6370192307692308 0.43269230769230765 0.07211538461538469 0.16346153846153844
7 0.8125 0.1466346153846154 0.06730769230769229 0.16826923076923078
8 0.8425480769230769 0.41466346153846156 0.0985576923076924 0.2139423076923077
10 0.5829326923076923 0.07451923076923077 0.060096153846153855 0.11538461538461539
10 0.7247596153846154 0.1610576923076923 0.060096153846153855 0.12019230769230768
10 0.7403846153846154 0.3377403846153846 0.05288461538461542 0.11778846153846151
10 0.7379807692307693 0.44350961538461536 0.0625 0.12259615384615385
10 0.6358173076923077 0.5697115384615384 0.06971153846153844 0.1298076923076923
