11 0.6490384615384616 0.15745192307692307 0.07211538461538458 0.18990384615384615
8 0.8329326923076923 0.42788461538461536 0.08894230769230771 0.22596153846153844
12 0.7992788461538463 0.09975961538461539 0.06490384615384615 0.13701923076923078
7 0.8100961538461539 0.1622596153846154 0.06730769230769229 0.15625
7 0.6394230769230769 0.4423076923076923 0.07211538461538469 0.1586538461538462
9 0.7584134615384616 0.8112980769230769 0.08894230769230771 0.18509615384615385
10 0.578125 0.09375 0.05048076923076916 0.11538461538461538
10 0.7223557692307692 0.1766826923076923 0.060096153846153855 0.12259615384615383
10 0.7355769230769231 0.3581730769230769 0.0576923076923076 0.125
10 0.7355769230769231 0.45552884615384615 0.0673076923076924 0.1274038461538462
10 0.6346153846153846 0.5805288461538463 0.05769230769230771 0.12740384615384615
2 0.21754807692307693 0.2956730769230769 0.08413461538461542 0.20673076923076925
1 0.3942307692307693 0.15745192307692307 0.05288461538461536 0.1514423076923077
3 0.5492788461538461 0.7908653846153846 0.07932692307692313 0.17307692307692302
3 0.5552884615384616 0.2548076923076923 0.07692307692307687 0.13942307692307693
6 0.421875 0.08173076923076923 0.060096153846153855 0.12980769230769232
6 0.46634615384615385 0.44591346153846156 0.06730769230769229 0.14182692307692313
4 0.24038461538461536 0.7884615384615384 0.06249999999999997 0.125
4 0.5769230769230769 0.18870192307692307 0.05288461538461531 0.10817307692307693
4 0.5 0.17668269230769232 0.05288461538461542 0.10817307692307694
4 0.30408653846153844 0.3425480769230769 0.05048076923076922 0.11298076923076927
4 0.3798076923076923 0.5456730769230769 0.05769230769230771 0.12499999999999994
4 0.44711538461538464 0.6766826923076923 0.0625 0.12259615384615385
