11 0.3533653846153846 0.11298076923076923 0.07692307692307693 0.1971153846153846
8 0.16466346153846154 0.38221153846153844 0.09375 0.23557692307692307
12 0.19711538461538464 0.06009615384615385 0.06730769230769232 0.11057692307692309
7 0.18629807692307693 0.10697115384615384 0.06971153846153846 0.16105769230769232
7 0.3653846153846154 0.40865384615384615 0.07692307692307693 0.16346153846153844
9 0.24399038461538464 0.7848557692307692 0.09375000000000003 0.18990384615384615
10 0.4254807692307693 0.0625 0.05288461538461536 0.10096153846153846
10 0.27884615384615385 0.12740384615384615 0.0625 0.12980769230769232
10 0.265625 0.31490384615384615 0.060096153846153855 0.1298076923076923
10 0.265625 0.4170673076923077 0.06971153846153844 0.1322115384615385
10 0.3737980769230769 0.5516826923076923 0.060096153846153855 0.1322115384615385
2 0.8040865384615384 0.2848557692307692 0.08894230769230771 0.21394230769230768
1 0.6177884615384616 0.1310096153846154 0.05288461538461542 0.15625
3 0.46153846153846156 0.7776442307692308 0.08173076923076922 0.18028846153846156
3 0.45192307692307687 0.21875 0.07692307692307693 0.14423076923076925
6 0.5877403846153846 0.0673076923076923 0.06490384615384615 0.10096153846153846
6 0.5444711538461539 0.42427884615384615 0.06971153846153855 0.14663461538461542
4 0.7800480769230769 0.7932692307692307 0.06490384615384615 0.1298076923076923
4 0.4278846153846154 0.1502403846153846 0.057692307692307654 0.11298076923076922
4 0.5072115384615384 0.14423076923076925 0.057692307692307654 0.11057692307692309
4 0.7127403846153846 0.328125 0.055288461538461564 0.11778846153846156
4 0.6346153846153846 0.5336538461538461 0.0625 0.1298076923076923
4 0.5661057692307692 0.6634615384615384 0.06490384615384615 0.125
