7 0.1826923076923077 0.1502403846153846 0.07211538461538461 0.14182692307692307
11 0.34615384615384615 0.14302884615384615 0.06730769230769229 0.18028846153846154
7 0.3533653846153846 0.4278846153846154 0.07211538461538464 0.13942307692307693
9 0.234375 0.7872596153846154 0.08413461538461539 0.15625
9 0.34975961538461536 0.32572115384615385 0.06490384615384615 0.14182692307692307
12 0.19471153846153846 0.0889423076923077 0.05769230769230771 0.12980769230769232
8 0.1622596153846154 0.4122596153846154 0.08413461538461538 0.2139423076923077
10 0.4170673076923077 0.24879807692307693 0.04567307692307693 0.11298076923076925
10 0.41346153846153844 0.08533653846153846 0.04807692307692307 0.11298076923076922
10 0.2752403846153846 0.1658653846153846 0.05048076923076922 0.10576923076923077
10 0.2620192307692307 0.33653846153846156 0.05288461538461536 0.11057692307692307
10 0.2596153846153846 0.4362980769230769 0.057692307692307654 0.11298076923076927
10 0.24759615384615385 0.6670673076923077 0.0625 0.11298076923076916
1 0.359375 0.5396634615384616 0.06490384615384615 0.14663461538461542
1 0.5973557692307692 0.15625 0.050480769230769273 0.15384615384615385
3 0.4411057692307692 0.7824519230769231 0.06971153846153844 0.1514423076923076
3 0.59375 0.33533653846153844 0.0625 0.14663461538461536
2 0.7704326923076923 0.2980769230769231 0.08413461538461542 0.19711538461538458
6 0.7896634615384615 0.43990384615384615 0.06490384615384615 0.125
6 0.5721153846153846 0.08293269230769232 0.04807692307692302 0.12740384615384615
5 0.4387019230769231 0.3125 0.060096153846153855 0.1826923076923077
4 0.49278846153846156 0.17668269230769232 0.04807692307692313 0.10817307692307694
4 0.5144230769230769 0.2644230769230769 0.04807692307692307 0.10576923076923075
4 0.7439903846153846 0.7860576923076923 0.060096153846153855 0.11538461538461542
4 0.6826923076923077 0.3329326923076923 0.05288461538461542 0.11778846153846151
4 0.6069711538461539 0.5384615384615384 0.05528846153846145 0.11538461538461536
4 0.5420673076923077 0.6634615384615384 0.055288461538461564 0.12019230769230771
