2 0.7704326923076923 0.29927884615384615 0.07932692307692313 0.2091346153846154
1 0.5072115384615384 0.22716346153846156 0.0625 0.15625000000000003
6 0.5120192307692307 0.34615384615384615 0.06730769230769224 0.125
6 0.5721153846153846 0.07932692307692309 0.0625 0.1346153846153846
4 0.6850961538461539 0.3401442307692308 0.04807692307692313 0.11778846153846156
4 0.6045673076923077 0.5408653846153846 0.055288461538461564 0.11538461538461536
4 0.5420673076923077 0.6622596153846154 0.060096153846153855 0.12259615384615385
4 0.41947115384615385 0.18028846153846154 0.05048076923076922 0.11057692307692307
3 0.3485576923076923 0.43509615384615385 0.05769230769230771 0.1490384615384615
3 0.2439903846153846 0.6370192307692308 0.07451923076923078 0.15384615384615385
9 0.23317307692307693 0.7920673076923077 0.0769230769230769 0.1610576923076923
8 0.16706730769230768 0.30528846153846156 0.07932692307692307 0.20673076923076922
7 0.4387019230769231 0.4326923076923077 0.06971153846153844 0.1586538461538461
11 0.34375 0.1502403846153846 0.06730769230769229 0.18028846153846154
12 0.1983173076923077 0.09014423076923077 0.06971153846153846 0.13221153846153846
10 0.27283653846153844 0.16466346153846154 0.055288461538461536 0.10817307692307693
10 0.25841346153846156 0.3389423076923077 0.05528846153846151 0.11057692307692307
10 0.2584134615384615 0.43990384615384615 0.06009615384615383 0.11538461538461542
10 0.3557692307692308 0.5588942307692308 0.0625 0.12259615384615385
