6 0.41466346153846156 0.052884615384615384 0.05048076923076922 0.10576923076923077
6 0.15625 0.7283653846153846 0.07692307692307693 0.14903846153846156
2 0.2091346153846154 0.3557692307692307 0.07692307692307693 0.20673076923076922
5 0.40384615384615385 0.2800480769230769 0.06730769230769229 0.18509615384615385
4 0.3016826923076923 0.390625 0.05528846153846151 0.11298076923076927
4 0.32572115384615385 0.21153846153846154 0.04567307692307693 0.10576923076923078
4 0.3401442307692307 0.12379807692307693 0.04567307692307693 0.0985576923076923
4 0.48677884615384615 0.04927884615384615 0.05048076923076916 0.0985576923076923
4 0.37740384615384615 0.4951923076923077 0.04807692307692307 0.11057692307692313
4 0.48677884615384615 0.2860576923076923 0.05048076923076916 0.10576923076923078
3 0.4158653846153846 0.11298076923076923 0.04326923076923078 0.12980769230769232
3 0.5612980769230769 0.37740384615384615 0.06971153846153844 0.14423076923076922
7 0.5625 0.5901442307692308 0.06730769230769229 0.1466346153846153
8 0.8389423076923077 0.34134615384615385 0.08173076923076916 0.20673076923076922
11 0.6418269230769231 0.2752403846153846 0.0673076923076924 0.17548076923076922
9 0.6430288461538461 0.17307692307692307 0.05528846153846145 0.13942307692307693
9 0.8461538461538461 0.5841346153846154 0.08653846153846145 0.15865384615384615
12 0.7536057692307692 0.7295673076923077 0.07451923076923073 0.14182692307692313
12 0.8064903846153846 0.042067307692307696 0.060096153846153855 0.08413461538461539
10 0.7451923076923077 0.5985576923076923 0.05288461538461542 0.11538461538461542
10 0.7271634615384615 0.04326923076923077 0.055288461538461564 0.08653846153846154
10 0.7211538461538461 0.1935096153846154 0.05769230769230771 0.10817307692307693
10 0.5709134615384615 0.2776442307692307 0.050480769230769273 0.11298076923076922
10 0.5564903846153846 0.7283653846153846 0.06490384615384615 0.125
