6 0.4074519230769231 0.051682692307692304 0.055288461538461564 0.10336538461538461
6 0.1466346153846154 0.7319711538461539 0.07692307692307693 0.1514423076923077
2 0.19831730769230768 0.3557692307692307 0.07932692307692307 0.20673076923076922
5 0.3966346153846154 0.2764423076923077 0.06730769230769235 0.18750000000000003
4 0.2932692307692307 0.3894230769230769 0.05288461538461536 0.11538461538461542
4 0.3173076923076923 0.2091346153846154 0.04807692307692307 0.10576923076923078
4 0.33052884615384615 0.1201923076923077 0.04567307692307693 0.10096153846153846
4 0.4795673076923077 0.04567307692307692 0.05048076923076922 0.09134615384615384
4 0.36778846153846156 0.49399038461538464 0.04807692307692307 0.11298076923076927
4 0.4795673076923077 0.28125 0.05048076923076922 0.10576923076923075
3 0.40745192307692313 0.10817307692307691 0.04567307692307693 0.1346153846153846
3 0.5540865384615385 0.3713942307692307 0.06971153846153844 0.14663461538461536
7 0.5552884615384616 0.5841346153846154 0.06730769230769229 0.14903846153846156
8 0.8341346153846154 0.3317307692307692 0.08173076923076927 0.21153846153846154
11 0.6346153846153846 0.2692307692307692 0.06730769230769229 0.1778846153846154
9 0.6358173076923077 0.1658653846153846 0.055288461538461564 0.13942307692307693
9 0.8401442307692308 0.5733173076923077 0.08413461538461531 0.1610576923076923
12 0.7487980769230769 0.7223557692307692 0.07451923076923073 0.14182692307692302
12 0.7992788461538463 0.037259615384615384 0.060096153846153855 0.07451923076923077
10 0.7379807692307692 0.5913461538461539 0.05288461538461531 0.11538461538461542
10 0.7199519230769231 0.038461538461538464 0.055288461538461564 0.07692307692307693
10 0.7151442307692308 0.18509615384615385 0.060096153846153855 0.11057692307692307
10 0.5625 0.27283653846153844 0.05288461538461542 0.11298076923076922
10 0.5492788461538463 0.7247596153846154 0.06490384615384615 0.12740384615384615
