6 0.4170673076923077 0.054086538461538464 0.05528846153846151 0.08894230769230768
6 0.13701923076923078 0.734375 0.08173076923076923 0.15625
2 0.1983173076923077 0.3485576923076923 0.08413461538461539 0.21634615384615383
5 0.4026442307692307 0.2776442307692308 0.07451923076923078 0.19471153846153846
4 0.29447115384615385 0.3894230769230769 0.060096153846153855 0.12019230769230771
4 0.3221153846153846 0.20192307692307693 0.05288461538461536 0.11057692307692304
4 0.3389423076923077 0.11177884615384616 0.04807692307692307 0.10336538461538461
4 0.4915865384615385 0.051682692307692304 0.050480769230769273 0.07932692307692307
4 0.3701923076923077 0.4987980769230769 0.05288461538461536 0.11778846153846156
4 0.4879807692307692 0.28846153846153844 0.05288461538461531 0.11057692307692307
3 0.4182692307692307 0.10456730769230768 0.04807692307692307 0.13701923076923078
3 0.5649038461538461 0.3858173076923077 0.07692307692307687 0.1514423076923077
7 0.5612980769230769 0.6069711538461539 0.07451923076923073 0.1514423076923077
8 0.8521634615384616 0.3605769230769231 0.08894230769230771 0.21634615384615385
11 0.6502403846153846 0.28365384615384615 0.07451923076923073 0.18269230769230768
9 0.6526442307692308 0.17548076923076922 0.060096153846153855 0.14423076923076925
9 0.8557692307692308 0.6117788461538461 0.09134615384615385 0.16586538461538458
12 0.7584134615384616 0.7596153846153846 0.07932692307692313 0.14903846153846156
12 0.8233173076923077 0.056490384615384616 0.06490384615384615 0.07451923076923077
10 0.75 0.6225961538461539 0.05769230769230771 0.12019230769230771
10 0.7403846153846154 0.052884615384615384 0.05769230769230771 0.07211538461538462
10 0.7331730769230769 0.203125 0.0625 0.11298076923076925
10 0.5733173076923077 0.28365384615384615 0.055288461538461564 0.11538461538461539
10 0.5540865384615385 0.75 0.06971153846153844 0.1298076923076923
