1 0.7139423076923077 0.6358173076923077 0.06730769230769229 0.15625
6 0.578125 0.07211538461538462 0.060096153846153744 0.11538461538461539
6 0.8509615384615384 0.7620192307692308 0.07211538461538458 0.13942307692307698
2 0.7944711538461539 0.3846153846153846 0.08413461538461542 0.20673076923076922
5 0.59375 0.3004807692307692 0.0625 0.1730769230769231
1 0.5240384615384616 0.5144230769230769 0.05769230769230771 0.14423076923076927
4 0.6730769230769231 0.2403846153846154 0.04807692307692302 0.10096153846153849
4 0.6610576923076923 0.15264423076923078 0.04326923076923084 0.09855769230769232
4 0.6995192307692308 0.421875 0.05288461538461531 0.11298076923076927
4 0.7115384615384616 0.5288461538461539 0.05288461538461542 0.10576923076923084
4 0.6502403846153846 0.7740384615384616 0.055288461538461564 0.12019230769230771
4 0.6177884615384616 0.6382211538461539 0.05288461538461542 0.10817307692307687
4 0.5072115384615384 0.3112980769230769 0.04807692307692307 0.10336538461538458
4 0.5084134615384616 0.07091346153846154 0.04567307692307693 0.10817307692307693
3 0.5805288461538463 0.13581730769230768 0.060096153846153855 0.13701923076923078
3 0.4314903846153846 0.40865384615384615 0.06971153846153849 0.13942307692307693
11 0.16826923076923078 0.27884615384615385 0.0769230769230769 0.1826923076923077
8 0.15264423076923078 0.36778846153846156 0.07932692307692309 0.20192307692307693
12 0.24399038461538464 0.7572115384615385 0.06971153846153846 0.14423076923076927
12 0.18389423076923078 0.05408653846153846 0.06490384615384617 0.0985576923076923
7 0.34615384615384615 0.06129807692307693 0.05288461538461542 0.10817307692307693
7 0.13942307692307693 0.4951923076923077 0.0673076923076923 0.14423076923076922
9 0.34975961538461536 0.20192307692307693 0.060096153846153855 0.14423076923076925
9 0.15264423076923078 0.6177884615384615 0.07451923076923075 0.14903846153846156
10 0.4266826923076923 0.31129807692307687 0.04567307692307693 0.10817307692307693
10 0.4158653846153846 0.140625 0.05288461538461536 0.10817307692307693
10 0.2644230769230769 0.056490384615384616 0.048076923076923045 0.10336538461538462
10 0.2644230769230769 0.2247596153846154 0.05288461538461542 0.10336538461538464
10 0.2596153846153846 0.41466346153846156 0.057692307692307654 0.10336538461538464
10 0.2512019230769231 0.5228365384615384 0.050480769230769246 0.10817307692307687
10 0.2536057692307692 0.6310096153846154 0.06009615384615383 0.11778846153846156
10 0.4471153846153846 0.7620192307692307 0.057692307692307654 0.12019230769230771
