1 0.28125 0.6117788461538461 0.0625 0.14663461538461542
6 0.4122596153846154 0.07091346153846154 0.05528846153846151 0.11298076923076922
6 0.14903846153846154 0.7307692307692308 0.06730769230769229 0.1346153846153847
2 0.20432692307692307 0.36778846153846156 0.08173076923076922 0.19711538461538464
5 0.39783653846153844 0.2932692307692308 0.0600961538461538 0.16346153846153846
1 0.4627403846153846 0.5012019230769231 0.05528846153846151 0.13701923076923073
4 0.31971153846153844 0.23197115384615385 0.04807692307692307 0.09855769230769232
4 0.3317307692307693 0.1502403846153846 0.04326923076923078 0.09375
4 0.29567307692307687 0.40504807692307687 0.04807692307692307 0.10817307692307693
4 0.28365384615384615 0.5084134615384616 0.05288461538461542 0.10336538461538464
4 0.3425480769230769 0.7475961538461539 0.055288461538461564 0.11538461538461542
4 0.3737980769230769 0.6189903846153846 0.055288461538461564 0.10336538461538458
4 0.4783653846153846 0.3064903846153846 0.04807692307692307 0.09855769230769235
4 0.4795673076923077 0.0733173076923077 0.04567307692307693 0.10336538461538461
3 0.4098557692307692 0.13461538461538464 0.055288461538461564 0.12980769230769232
3 0.5528846153846154 0.4014423076923077 0.06730769230769229 0.13461538461538464
11 0.8076923076923077 0.2860576923076923 0.07211538461538458 0.1778846153846154
8 0.8221153846153846 0.37259615384615385 0.07692307692307698 0.19711538461538458
12 0.734375 0.7451923076923077 0.06490384615384626 0.13942307692307687
12 0.7932692307692307 0.0625 0.0625 0.10576923076923078
7 0.6370192307692308 0.06370192307692307 0.04807692307692302 0.11298076923076923
7 0.8329326923076923 0.4951923076923077 0.06490384615384615 0.13942307692307693
9 0.6322115384615384 0.20552884615384617 0.05769230769230771 0.13701923076923078
9 0.8233173076923077 0.6129807692307692 0.06971153846153844 0.14423076923076927
10 0.5576923076923077 0.3088942307692307 0.04326923076923084 0.10336538461538464
10 0.5685096153846154 0.14423076923076922 0.050480769230769273 0.10576923076923077
10 0.7151442307692308 0.06490384615384616 0.050480769230769273 0.10096153846153846
10 0.7151442307692308 0.23076923076923078 0.050480769230769273 0.10096153846153846
10 0.7199519230769231 0.41466346153846156 0.055288461538461564 0.09855769230769235
10 0.7259615384615384 0.5180288461538461 0.04807692307692313 0.10336538461538458
10 0.7247596153846154 0.6225961538461539 0.055288461538461564 0.11057692307692313
10 0.5384615384615384 0.7427884615384616 0.05769230769230771 0.11538461538461542
