1 0.7055288461538463 0.6117788461538461 0.06490384615384615 0.15625
6 0.5757211538461537 0.055288461538461536 0.060096153846153855 0.11057692307692307
6 0.8401442307692308 0.734375 0.06971153846153844 0.14182692307692313
2 0.7884615384615385 0.3581730769230769 0.08173076923076927 0.20673076923076927
5 0.5877403846153846 0.2824519230769231 0.060096153846153855 0.17067307692307696
1 0.5180288461538461 0.49759615384615385 0.05528846153846151 0.13942307692307693
4 0.6682692307692308 0.21875 0.04807692307692302 0.10096153846153844
4 0.6574519230769231 0.1310096153846154 0.04086538461538469 0.0985576923076923
4 0.6923076923076923 0.39783653846153844 0.04807692307692313 0.11298076923076922
4 0.7043269230769231 0.5048076923076923 0.05288461538461531 0.10576923076923078
4 0.6382211538461539 0.7536057692307692 0.05528846153846145 0.11778846153846156
4 0.609375 0.6189903846153846 0.05528846153846145 0.10817307692307698
4 0.5024038461538461 0.29447115384615385 0.04807692307692307 0.10336538461538461
4 0.5048076923076923 0.054086538461538464 0.04326923076923078 0.10817307692307693
3 0.5769230769230769 0.11778846153846154 0.0576923076923076 0.13461538461538464
3 0.4254807692307692 0.3942307692307693 0.06730769230769229 0.13942307692307693
11 0.1622596153846154 0.2740384615384615 0.07451923076923078 0.18269230769230768
8 0.1466346153846154 0.3629807692307693 0.07692307692307693 0.20192307692307693
12 0.23317307692307693 0.75 0.06730769230769229 0.14423076923076916
12 0.18269230769230768 0.04807692307692308 0.0625 0.09615384615384616
7 0.34375 0.05048076923076923 0.04807692307692313 0.10096153846153846
7 0.13341346153846154 0.49158653846153844 0.06490384615384615 0.14182692307692307
9 0.34615384615384615 0.18990384615384615 0.05769230769230771 0.14423076923076925
9 0.14302884615384615 0.6129807692307692 0.06971153846153846 0.14903846153846156
10 0.421875 0.296875 0.04567307692307687 0.1081730769230769
10 0.4122596153846154 0.12740384615384615 0.05048076923076922 0.11057692307692307
10 0.26322115384615385 0.05048076923076923 0.05048076923076922 0.10096153846153846
10 0.2608173076923077 0.21754807692307693 0.05048076923076922 0.10336538461538461
10 0.25240384615384615 0.40625 0.05769230769230768 0.10096153846153844
10 0.24519230769230768 0.515625 0.04807692307692307 0.10817307692307687
10 0.2451923076923077 0.625 0.05769230769230771 0.11538461538461542
10 0.4375 0.7475961538461539 0.05769230769230771 0.12019230769230771
