2 0.6586538461538461 0.7463942307692308 0.08653846153846145 0.19471153846153844
6 0.8461538461538461 0.7800480769230769 0.07211538461538458 0.14182692307692302
5 0.5925480769230769 0.328125 0.06490384615384615 0.17548076923076925
4 0.6778846153846154 0.25721153846153844 0.04807692307692302 0.10576923076923078
4 0.6213942307692308 0.546875 0.055288461538461564 0.11298076923076922
4 0.5108173076923077 0.3377403846153846 0.05048076923076922 0.10817307692307693
12 0.4387019230769231 0.2536057692307692 0.055288461538461564 0.12259615384615383
8 0.35096153846153844 0.4110576923076923 0.07211538461538464 0.1923076923076923
10 0.43028846153846156 0.34134615384615385 0.04807692307692307 0.10576923076923078
10 0.3557692307692307 0.18028846153846154 0.04807692307692307 0.10576923076923078
10 0.2704326923076923 0.08653846153846154 0.050480769230769246 0.10576923076923078
10 0.2584134615384615 0.671875 0.06009615384615383 0.11778846153846145
