5 0.47956730769230765 0.42668269230769235 0.06971153846153844 0.18028846153846156
2 0.22475961538461536 0.296875 0.08413461538461539 0.2139423076923077
6 0.20552884615384615 0.43990384615384615 0.07451923076923075 0.13942307692307687
4 0.25 0.7944711538461537 0.06730769230769229 0.12259615384615385
4 0.3125 0.3449519230769231 0.05288461538461542 0.11298076923076927
4 0.48677884615384615 0.2620192307692308 0.05048076923076916 0.12019230769230771
4 0.45552884615384615 0.6742788461538463 0.060096153846153855 0.12740384615384615
4 0.390625 0.5444711538461539 0.060096153846153855 0.11778846153846151
4 0.5108173076923077 0.16947115384615385 0.05528846153846151 0.11298076923076923
6 0.43028846153846156 0.08173076923076922 0.057692307692307654 0.12499999999999999
1 0.4002403846153846 0.15625 0.05528846153846151 0.15384615384615385
1 0.6514423076923077 0.546875 0.08173076923076916 0.1514423076923077
9 0.6514423076923077 0.32572115384615385 0.0625 0.13701923076923078
9 0.7644230769230769 0.8064903846153846 0.08653846153846156 0.15625
12 0.8100961538461539 0.09014423076923077 0.0625 0.13221153846153846
11 0.6610576923076923 0.1514423076923077 0.07211538461538458 0.1778846153846154
8 0.8449519230769231 0.41466346153846156 0.09375 0.21875
7 0.8233173076923077 0.15384615384615385 0.06490384615384615 0.14903846153846154
7 0.6454326923076923 0.43629807692307687 0.06971153846153844 0.15144230769230765
10 0.5901442307692308 0.08653846153846154 0.050480769230769273 0.10576923076923078
10 0.5865384615384616 0.24759615384615385 0.05769230769230771 0.11538461538461542
10 0.734375 0.1670673076923077 0.05528846153846145 0.11298076923076925
10 0.7451923076923077 0.34134615384615385 0.05769230769230771 0.12019230769230771
10 0.7451923076923077 0.4471153846153846 0.0625 0.11538461538461536
10 0.7572115384615384 0.6766826923076923 0.06730769230769229 0.12259615384615385
