5 0.48557692307692313 0.39903846153846156 0.07692307692307693 0.1875
2 0.21995192307692307 0.27884615384615385 0.08894230769230771 0.22115384615384615
6 0.20432692307692307 0.4254807692307693 0.07692307692307693 0.14423076923076922
4 0.2620192307692308 0.7896634615384615 0.07211538461538461 0.12740384615384615
4 0.3137019230769231 0.3233173076923077 0.055288461538461564 0.11778846153846151
4 0.48918269230769235 0.23197115384615385 0.055288461538461564 0.12740384615384615
4 0.4699519230769231 0.6550480769230769 0.06490384615384615 0.13221153846153844
4 0.40024038461538464 0.5252403846153846 0.06490384615384615 0.12259615384615385
4 0.5120192307692307 0.1346153846153846 0.057692307692307654 0.1201923076923077
6 0.4254807692307692 0.056490384615384616 0.0625 0.11298076923076923
1 0.39783653846153844 0.125 0.0600961538461538 0.15865384615384615
1 0.6658653846153846 0.515625 0.08653846153846156 0.15625
9 0.6610576923076923 0.2872596153846154 0.06730769230769229 0.14182692307692307
9 0.7908653846153846 0.7764423076923077 0.09134615384615385 0.16346153846153844
12 0.8149038461538461 0.054086538461538464 0.06730769230769229 0.10817307692307693
11 0.6634615384615384 0.10817307692307693 0.07692307692307687 0.1826923076923077
8 0.8605769230769231 0.3701923076923077 0.10096153846153844 0.2259615384615385
7 0.8305288461538461 0.10336538461538461 0.06971153846153855 0.15384615384615385
7 0.65625 0.4014423076923077 0.07211538461538458 0.15384615384615385
10 0.5901442307692308 0.05048076923076923 0.055288461538461564 0.10096153846153846
10 0.5901442307692308 0.20913461538461536 0.060096153846153855 0.12019230769230768
10 0.7403846153846154 0.12139423076923077 0.05769230769230771 0.11778846153846154
10 0.7560096153846154 0.3004807692307692 0.060096153846153855 0.125
10 0.7596153846153846 0.40625 0.06730769230769229 0.12019230769230771
10 0.7788461538461539 0.6430288461538463 0.07211538461538458 0.12740384615384615
