5 0.4783653846153846 0.39783653846153844 0.07211538461538458 0.1802884615384615
2 0.2235576923076923 0.27884615384615385 0.08173076923076925 0.21634615384615385
6 0.20432692307692307 0.421875 0.07211538461538461 0.13701923076923073
4 0.2512019230769231 0.7752403846153846 0.06490384615384615 0.12259615384615385
4 0.3112980769230769 0.3233173076923077 0.050480769230769273 0.11298076923076922
4 0.484375 0.234375 0.05048076923076922 0.12259615384615385
4 0.45552884615384615 0.6478365384615385 0.060096153846153855 0.12740384615384615
4 0.390625 0.5192307692307693 0.060096153846153855 0.12019230769230776
4 0.5096153846153846 0.13942307692307693 0.05288461538461536 0.11538461538461538
6 0.4266826923076923 0.05889423076923077 0.05528846153846151 0.11778846153846154
1 0.39783653846153844 0.13221153846153846 0.05528846153846151 0.15384615384615385
1 0.6502403846153846 0.5132211538461539 0.07932692307692302 0.1514423076923077
9 0.6514423076923077 0.2908653846153846 0.0625 0.13942307692307693
9 0.765625 0.765625 0.08413461538461542 0.15625
12 0.8076923076923077 0.056490384615384616 0.0625 0.11298076923076923
11 0.6574519230769231 0.11538461538461538 0.06971153846153844 0.1778846153846154
8 0.8425480769230769 0.37259615384615385 0.09375 0.22115384615384615
7 0.8197115384615384 0.11057692307692307 0.0625 0.14903846153846156
7 0.6442307692307693 0.4002403846153846 0.06730769230769229 0.15144230769230765
10 0.5877403846153846 0.054086538461538464 0.050480769230769273 0.10817307692307693
10 0.5853365384615385 0.21394230769230768 0.055288461538461564 0.11538461538461536
10 0.7307692307692308 0.12860576923076922 0.05288461538461531 0.11298076923076925
10 0.7439903846153846 0.30288461538461536 0.055288461538461564 0.12019230769230768
10 0.7451923076923077 0.40625 0.0625 0.11538461538461542
10 0.7572115384615384 0.6346153846153846 0.06730769230769229 0.125
