12 0.1502403846153846 0.08774038461538462 0.06490384615384615 0.13221153846153846
8 0.11057692307692307 0.3161057692307692 0.09615384615384615 0.21394230769230768
7 0.1358173076923077 0.14903846153846154 0.06490384615384617 0.15384615384615385
11 0.30528846153846156 0.14783653846153846 0.07692307692307693 0.19471153846153844
9 0.171875 0.8293269230769231 0.09375 0.16826923076923073
10 0.22596153846153844 0.16826923076923078 0.05769230769230768 0.12019230769230768
10 0.2079326923076923 0.3497596153846154 0.055288461538461536 0.11778846153846151
10 0.20673076923076922 0.4567307692307693 0.0625 0.12019230769230776
10 0.30528846153846156 0.5901442307692308 0.06730769230769235 0.11778846153846156
2 0.7524038461538463 0.3161057692307692 0.09615384615384615 0.21875
1 0.5709134615384615 0.16466346153846154 0.060096153846153855 0.1610576923076923
6 0.5444711538461537 0.08052884615384615 0.060096153846153855 0.14182692307692307
6 0.47596153846153844 0.3605769230769231 0.06730769230769229 0.14423076923076927
3 0.1875 0.6742788461538461 0.08173076923076922 0.17548076923076916
3 0.3028846153846154 0.4579326923076923 0.07211538461538464 0.1610576923076923
4 0.3846153846153846 0.1875 0.057692307692307654 0.11538461538461536
4 0.6610576923076923 0.3605769230769231 0.05288461538461542 0.12019230769230771
4 0.47475961538461536 0.8509615384615384 0.06490384615384615 0.125
4 0.5024038461538461 0.7019230769230769 0.0625 0.125
4 0.5721153846153846 0.5697115384615384 0.0625 0.125
