12 0.8064903846153846 0.0889423076923077 0.06490384615384615 0.12980769230769232
8 0.8377403846153846 0.3173076923076923 0.09375 0.21153846153846154
7 0.8197115384615384 0.1502403846153846 0.0625 0.1514423076923077
11 0.6502403846153846 0.1466346153846154 0.07451923076923073 0.1923076923076923
9 0.7560096153846154 0.8257211538461539 0.09375 0.16586538461538458
10 0.7271634615384615 0.16947115384615385 0.055288461538461564 0.11778846153846154
10 0.7391826923076923 0.3485576923076923 0.055288461538461564 0.11538461538461536
10 0.7379807692307693 0.4567307692307693 0.0625 0.12019230769230776
10 0.6310096153846154 0.5865384615384616 0.06490384615384615 0.12019230769230771
2 0.19951923076923078 0.30649038461538464 0.09615384615384617 0.21875000000000003
1 0.3846153846153846 0.15985576923076922 0.057692307692307654 0.16105769230769232
6 0.41466346153846156 0.07572115384615385 0.0600961538461538 0.14182692307692307
6 0.4735576923076923 0.3545673076923077 0.06730769230769229 0.14182692307692307
3 0.7475961538461539 0.671875 0.08173076923076916 0.17548076923076916
3 0.6418269230769231 0.4543269230769231 0.07211538461538469 0.15865384615384615
4 0.5709134615384615 0.18629807692307693 0.055288461538461564 0.11298076923076922
4 0.28966346153846156 0.3533653846153846 0.05048076923076922 0.12019230769230765
4 0.453125 0.84375 0.06490384615384615 0.125
4 0.4326923076923077 0.6947115384615384 0.0625 0.12019230769230771
4 0.36658653846153844 0.5600961538461539 0.0600961538461538 0.125
