12 0.8221153846153846 0.10697115384615384 0.0625 0.13221153846153846
8 0.8533653846153846 0.3317307692307692 0.09134615384615385 0.21153846153846154
7 0.8341346153846154 0.16706730769230768 0.0625 0.1514423076923077
11 0.6670673076923077 0.1610576923076923 0.07451923076923084 0.1923076923076923
9 0.7752403846153846 0.8305288461538461 0.08894230769230771 0.16586538461538458
10 0.7439903846153846 0.18389423076923078 0.055288461538461564 0.11778846153846154
10 0.7572115384615384 0.3629807692307693 0.05288461538461542 0.11538461538461536
10 0.7536057692307692 0.46634615384615385 0.060096153846153855 0.12019230769230771
10 0.6514423076923077 0.5925480769230769 0.0625 0.11778846153846156
2 0.22475961538461536 0.3052884615384615 0.09374999999999997 0.21634615384615383
1 0.40625 0.1658653846153846 0.05769230769230771 0.15865384615384615
6 0.43509615384615385 0.08533653846153846 0.05769230769230771 0.14182692307692307
6 0.49399038461538464 0.36057692307692313 0.06490384615384615 0.13942307692307693
3 0.7644230769230769 0.6778846153846154 0.07692307692307698 0.17307692307692302
3 0.6598557692307692 0.4627403846153846 0.06971153846153844 0.1610576923076923
4 0.5889423076923077 0.19591346153846154 0.05288461538461542 0.11298076923076922
4 0.3137019230769231 0.3545673076923077 0.050480769230769273 0.11778846153846151
4 0.47716346153846156 0.8401442307692308 0.0600961538461538 0.12259615384615385
4 0.4567307692307692 0.6947115384615384 0.05769230769230771 0.12019230769230771
4 0.3918269230769231 0.5600961538461539 0.05769230769230771 0.125
