5 0.39903846153846156 0.2932692307692308 0.08653846153846151 0.1875
3 0.5588942307692308 0.4074519230769231 0.07932692307692302 0.14663461538461542
7 0.5576923076923077 0.6165865384615384 0.07692307692307687 0.15625
11 0.6478365384615385 0.2956730769230769 0.07451923076923073 0.1826923076923077
9 0.8413461538461539 0.6141826923076923 0.08173076923076916 0.17067307692307687
8 0.7439903846153846 0.3786057692307693 0.08894230769230771 0.20432692307692307
12 0.8161057692307692 0.0625 0.06971153846153844 0.10576923076923078
12 0.7463942307692307 0.765625 0.08894230769230771 0.14663461538461542
10 0.7439903846153846 0.6310096153846154 0.06971153846153844 0.11298076923076927
10 0.7295673076923077 0.21995192307692307 0.060096153846153855 0.10817307692307696
10 0.7355769230769231 0.06009615384615384 0.0625 0.10096153846153846
10 0.5685096153846154 0.3076923076923077 0.050480769230769273 0.10576923076923078
10 0.5444711538461539 0.7584134615384615 0.06971153846153855 0.12259615384615385
4 0.4915865384615385 0.0625 0.060096153846153855 0.10576923076923078
4 0.32091346153846156 0.23076923076923075 0.0600961538461538 0.11538461538461536
4 0.34134615384615385 0.140625 0.05769230769230771 0.10817307692307693
4 0.48677884615384615 0.30528846153846156 0.06009615384615391 0.11057692307692307
4 0.3713942307692308 0.5168269230769231 0.06490384615384615 0.12500000000000006
4 0.2956730769230769 0.4110576923076923 0.05769230769230771 0.12019230769230771
2 0.20072115384615385 0.3713942307692308 0.08894230769230768 0.2139423076923077
6 0.140625 0.7524038461538461 0.0889423076923077 0.14903846153846145
