5 0.390625 0.296875 0.07932692307692313 0.18509615384615385
3 0.5516826923076923 0.4074519230769231 0.07451923076923084 0.14663461538461542
7 0.5588942307692308 0.6129807692307692 0.07451923076923073 0.15384615384615385
11 0.6346153846153846 0.2980769230769231 0.07211538461538458 0.1778846153846154
9 0.8389423076923077 0.6105769230769231 0.07692307692307687 0.16826923076923073
8 0.7331730769230769 0.3798076923076923 0.08173076923076927 0.20192307692307693
12 0.7920673076923077 0.06129807692307692 0.06490384615384615 0.11298076923076923
12 0.75 0.7596153846153846 0.08653846153846145 0.14423076923076927
10 0.7427884615384616 0.6274038461538461 0.06730769230769229 0.11057692307692313
10 0.7127403846153846 0.22235576923076925 0.060096153846153855 0.10817307692307693
10 0.7103365384615385 0.0625 0.060096153846153855 0.10576923076923078
10 0.5552884615384616 0.3112980769230769 0.04807692307692313 0.10336538461538458
10 0.5528846153846154 0.7524038461538461 0.06730769230769229 0.12019230769230771
4 0.4723557692307692 0.06850961538461539 0.055288461538461564 0.10336538461538462
4 0.31009615384615385 0.23677884615384615 0.05769230769230771 0.11298076923076925
4 0.32572115384615385 0.1466346153846154 0.055288461538461564 0.10576923076923078
4 0.47596153846153844 0.3088942307692307 0.057692307692307654 0.10817307692307693
4 0.3713942307692308 0.516826923076923 0.060096153846153855 0.12019230769230765
4 0.2932692307692308 0.41466346153846156 0.05769230769230771 0.11778846153846151
2 0.1983173076923077 0.375 0.08413461538461539 0.21153846153846156
6 0.15384615384615385 0.7487980769230769 0.08653846153846154 0.1466346153846153
