6 0.8846153846153846 0.7487980769230769 0.08173076923076927 0.14182692307692302
12 0.6790865384615385 0.7307692307692308 0.06971153846153844 0.14423076923076927
2 0.765625 0.6009615384615384 0.08894230769230771 0.20192307692307687
5 0.6394230769230769 0.28725961538461536 0.0673076923076924 0.18028846153846154
4 0.7391826923076923 0.40384615384615385 0.060096153846153855 0.11538461538461542
4 0.71875 0.2235576923076923 0.05288461538461542 0.11538461538461539
4 0.6622596153846154 0.5060096153846154 0.050480769230769273 0.11298076923076922
3 0.4735576923076923 0.38822115384615385 0.06730769230769229 0.14182692307692307
4 0.5540865384615384 0.2908653846153846 0.04567307692307687 0.10576923076923078
9 0.5456730769230769 0.12019230769230768 0.0576923076923076 0.13942307692307693
9 0.47956730769230765 0.7355769230769231 0.06971153846153844 0.15865384615384615
7 0.4723557692307692 0.6021634615384616 0.055288461538461564 0.14663461538461542
11 0.3942307692307692 0.2800480769230769 0.0625 0.18509615384615385
8 0.2980769230769231 0.3581730769230769 0.07211538461538458 0.21153846153846156
12 0.2391826923076923 0.046875 0.050480769230769246 0.09375
10 0.4723557692307693 0.2932692307692308 0.05048076923076922 0.10576923076923075
10 0.31490384615384615 0.04567307692307692 0.05288461538461542 0.09134615384615384
10 0.3173076923076923 0.20192307692307693 0.05288461538461536 0.11057692307692304
10 0.28846153846153844 0.6105769230769231 0.0625 0.11538461538461531
