6 0.1346153846153846 0.7536057692307692 0.08173076923076922 0.14182692307692302
12 0.3377403846153846 0.7355769230769231 0.06971153846153849 0.14423076923076927
2 0.25240384615384615 0.6057692307692308 0.09134615384615385 0.20192307692307698
5 0.38341346153846156 0.29447115384615385 0.06971153846153849 0.18028846153846156
4 0.2824519230769231 0.4098557692307692 0.060096153846153855 0.11778846153846156
4 0.3028846153846154 0.22956730769230768 0.05288461538461536 0.11298076923076922
4 0.35697115384615385 0.5108173076923077 0.05048076923076922 0.11298076923076922
3 0.546875 0.3942307692307693 0.06971153846153855 0.13942307692307693
4 0.46875 0.2980769230769231 0.04807692307692313 0.10576923076923075
9 0.47596153846153844 0.12740384615384615 0.057692307692307654 0.13942307692307693
9 0.5360576923076923 0.7403846153846154 0.07211538461538458 0.15865384615384615
7 0.5456730769230769 0.6069711538461539 0.0576923076923076 0.14663461538461542
11 0.6274038461538461 0.28725961538461536 0.0625 0.18028846153846154
8 0.7223557692307692 0.3641826923076923 0.07451923076923073 0.20913461538461536
12 0.7848557692307692 0.055288461538461536 0.050480769230769273 0.09134615384615385
10 0.5492788461538461 0.3004807692307693 0.05048076923076916 0.10576923076923078
10 0.7067307692307692 0.052884615384615384 0.05288461538461531 0.09134615384615384
10 0.7043269230769231 0.20793269230769232 0.05288461538461531 0.10817307692307693
10 0.7295673076923077 0.6153846153846154 0.06490384615384615 0.11538461538461542
