2 0.7716346153846154 0.2980769230769231 0.08173076923076927 0.21153846153846154
7 0.4411057692307692 0.4314903846153846 0.06490384615384615 0.14182692307692307
12 0.4362980769230769 0.33533653846153844 0.06490384615384615 0.13701923076923078
11 0.3473557692307692 0.14663461538461536 0.06490384615384615 0.18269230769230768
10 0.3557692307692308 0.5612980769230769 0.06730769230769229 0.11298076923076927
10 0.2764423076923077 0.16947115384615385 0.05288461538461536 0.11298076923076923
10 0.2584134615384615 0.3389423076923077 0.06009615384615383 0.11538461538461536
8 0.16826923076923078 0.30408653846153844 0.08173076923076925 0.20432692307692307
6 0.2728365384615385 0.06850961538461539 0.06490384615384617 0.12740384615384615
4 0.3473557692307692 0.4387019230769231 0.060096153846153855 0.11778846153846156
4 0.5913461538461539 0.34615384615384615 0.05769230769230771 0.11057692307692307
4 0.5432692307692307 0.6658653846153846 0.05769230769230771 0.1298076923076923
