11 0.1935096153846154 0.26802884615384615 0.07451923076923078 0.17548076923076925
8 0.1778846153846154 0.3581730769230769 0.07692307692307693 0.19711538461538458
9 0.37259615384615385 0.18389423076923075 0.0625 0.14182692307692307
9 0.18028846153846154 0.5997596153846154 0.07211538461538464 0.14663461538461542
12 0.27524038461538464 0.7415865384615385 0.06971153846153846 0.13701923076923073
12 0.2079326923076923 0.04807692307692308 0.06009615384615383 0.09615384615384616
7 0.16947115384615385 0.484375 0.06490384615384615 0.14182692307692313
7 0.36658653846153844 0.04567307692307692 0.05528846153846151 0.09134615384615384
10 0.4495192307692307 0.2860576923076923 0.04326923076923078 0.09615384615384615
10 0.4387019230769231 0.12740384615384615 0.04086538461538458 0.09615384615384615
10 0.28846153846153844 0.04807692307692308 0.04807692307692307 0.09615384615384616
10 0.2872596153846154 0.21153846153846156 0.04567307692307693 0.10096153846153846
10 0.2872596153846154 0.40384615384615385 0.05528846153846151 0.10096153846153844
10 0.2800480769230769 0.5084134615384616 0.050480769230769273 0.10817307692307693
10 0.2824519230769231 0.6141826923076923 0.055288461538461564 0.11298076923076916
10 0.4735576923076923 0.7331730769230769 0.05769230769230771 0.11057692307692302
3 0.6021634615384615 0.1141826923076923 0.050480769230769273 0.13701923076923075
3 0.4579326923076923 0.3846153846153846 0.06490384615384615 0.14423076923076922
5 0.8088942307692308 0.27283653846153844 0.06971153846153844 0.15144230769230768
2 0.8137019230769231 0.3545673076923077 0.07932692307692302 0.18990384615384615
6 0.5973557692307692 0.051682692307692304 0.050480769230769273 0.10336538461538461
6 0.8774038461538461 0.7307692307692308 0.07692307692307687 0.1346153846153847
1 0.7704326923076923 0.1935096153846154 0.04567307692307687 0.13701923076923078
1 0.7391826923076923 0.6081730769230769 0.06490384615384615 0.14423076923076927
4 0.7331730769230769 0.5012019230769231 0.0576923076923076 0.09855769230769235
4 0.7199519230769231 0.39302884615384615 0.055288461538461564 0.10817307692307693
4 0.6442307692307693 0.6141826923076923 0.05769230769230771 0.10817307692307687
4 0.6730769230769231 0.7391826923076923 0.0576923076923076 0.10817307692307687
4 0.6911057692307692 0.21514423076923078 0.050480769230769273 0.09855769230769232
4 0.6778846153846154 0.1298076923076923 0.043269230769230727 0.10096153846153846
4 0.5288461538461539 0.04927884615384615 0.04326923076923084 0.0985576923076923
4 0.53125 0.2908653846153846 0.04326923076923084 0.10576923076923078
