11 0.8341346153846154 0.25240384615384615 0.07211538461538458 0.18269230769230768
8 0.8521634615384615 0.3473557692307692 0.07451923076923073 0.2043269230769231
9 0.6466346153846154 0.16947115384615385 0.0625 0.14663461538461536
9 0.8557692307692308 0.5973557692307693 0.07211538461538469 0.1514423076923077
12 0.7596153846153846 0.7463942307692308 0.06730769230769229 0.14182692307692302
12 0.8137019230769231 0.037259615384615384 0.060096153846153855 0.07451923076923077
7 0.8641826923076923 0.47716346153846156 0.06490384615384615 0.14663461538461542
7 0.6478365384615385 0.036057692307692304 0.055288461538461564 0.07211538461538461
10 0.5673076923076923 0.27524038461538464 0.04326923076923084 0.09855769230769232
10 0.578125 0.11057692307692309 0.04086538461538458 0.10096153846153846
10 0.7307692307692308 0.037259615384615384 0.04807692307692302 0.07451923076923077
10 0.734375 0.19591346153846154 0.04567307692307687 0.10336538461538464
10 0.7403846153846154 0.3954326923076923 0.05769230769230771 0.10336538461538464
10 0.7512019230769231 0.5048076923076923 0.050480769230769273 0.11057692307692307
10 0.75 0.6129807692307692 0.05288461538461542 0.11538461538461531
10 0.5552884615384616 0.7403846153846154 0.05769230769230771 0.11538461538461542
3 0.40625 0.09735576923076923 0.04807692307692313 0.1418269230769231
3 0.5637019230769231 0.37740384615384615 0.06490384615384615 0.14903846153846156
5 0.19471153846153846 0.265625 0.06730769230769229 0.15625
2 0.19110576923076922 0.35096153846153844 0.0793269230769231 0.19711538461538464
6 0.40865384615384615 0.04447115384615385 0.05288461538461542 0.0889423076923077
6 0.1346153846153846 0.7427884615384616 0.07692307692307691 0.13942307692307687
1 0.23317307692307693 0.18389423076923075 0.043269230769230754 0.14182692307692307
1 0.27524038461538464 0.6117788461538461 0.06009615384615388 0.14663461538461542
4 0.27884615384615385 0.5012019230769231 0.05769230769230771 0.10336538461538464
4 0.2908653846153846 0.38942307692307687 0.05288461538461536 0.11057692307692307
4 0.3737980769230769 0.6177884615384616 0.055288461538461564 0.11057692307692313
4 0.3473557692307692 0.7487980769230769 0.055288461538461564 0.11298076923076927
4 0.3161057692307693 0.20432692307692307 0.05048076923076922 0.10096153846153844
4 0.3269230769230769 0.11538461538461539 0.043269230769230727 0.10576923076923078
4 0.4807692307692307 0.040865384615384616 0.04326923076923078 0.08173076923076923
4 0.48197115384615385 0.2800480769230769 0.04567307692307693 0.1081730769230769
