11 0.19471153846153846 0.2716346153846154 0.07211538461538464 0.17307692307692307
8 0.17908653846153846 0.36177884615384615 0.07451923076923078 0.19471153846153844
9 0.3701923076923077 0.18990384615384617 0.0625 0.13942307692307693
9 0.18028846153846154 0.5985576923076923 0.07211538461538464 0.14423076923076916
12 0.27403846153846156 0.7367788461538461 0.06730769230769232 0.13701923076923084
12 0.20913461538461536 0.051682692307692304 0.05769230769230768 0.10336538461538461
7 0.17067307692307693 0.48557692307692313 0.06730769230769229 0.13942307692307693
7 0.3629807692307693 0.04927884615384615 0.05288461538461536 0.0985576923076923
10 0.44471153846153844 0.28966346153846156 0.04326923076923078 0.09375000000000003
10 0.4338942307692307 0.13221153846153846 0.04086538461538464 0.09615384615384615
10 0.2872596153846154 0.052884615384615384 0.04567307692307693 0.09615384615384616
10 0.2872596153846154 0.21754807692307693 0.04567307692307693 0.09855769230769229
10 0.2848557692307692 0.40625 0.055288461538461564 0.10096153846153844
10 0.2776442307692307 0.5072115384615384 0.05048076923076922 0.10576923076923078
10 0.28125 0.6105769230769231 0.05288461538461542 0.11057692307692302
10 0.46875 0.7259615384615384 0.05769230769230771 0.11057692307692313
3 0.59375 0.11778846153846154 0.04807692307692313 0.13461538461538464
3 0.4519230769230769 0.3858173076923077 0.0625 0.14182692307692307
5 0.796875 0.27163461538461536 0.06971153846153855 0.14903846153846154
2 0.8016826923076923 0.35096153846153844 0.07932692307692313 0.1875
6 0.5889423076923077 0.054086538461538464 0.04807692307692313 0.10817307692307693
6 0.8641826923076923 0.7199519230769231 0.07451923076923084 0.13221153846153844
1 0.7596153846153846 0.19230769230769232 0.04807692307692302 0.13461538461538464
1 0.7283653846153846 0.5997596153846154 0.0625 0.14182692307692302
4 0.7235576923076923 0.4951923076923077 0.05769230769230771 0.09615384615384609
4 0.7091346153846154 0.3894230769230769 0.05288461538461542 0.10576923076923073
4 0.6358173076923077 0.6069711538461539 0.055288461538461564 0.10336538461538458
4 0.6646634615384615 0.7307692307692308 0.055288461538461564 0.10576923076923073
4 0.6802884615384616 0.2139423076923077 0.04807692307692313 0.09615384615384617
4 0.6682692307692308 0.13221153846153846 0.043269230769230727 0.10096153846153845
4 0.5216346153846154 0.055288461538461536 0.043269230769230727 0.09615384615384615
4 0.5264423076923077 0.2908653846153846 0.04326923076923084 0.10576923076923078
