2 0.78125 0.59375 0.08173076923076916 0.2163461538461538
6 0.9182692307692308 0.7439903846153846 0.07692307692307698 0.1514423076923077
12 0.6971153846153846 0.7451923076923077 0.07692307692307698 0.14903846153846156
4 0.7271634615384615 0.1814903846153846 0.055288461538461564 0.11298076923076922
4 0.6730769230769231 0.49759615384615385 0.0576923076923076 0.11057692307692313
5 0.6382211538461539 0.25841346153846156 0.06971153846153855 0.18990384615384617
3 0.46875 0.3870192307692308 0.06730769230769229 0.15384615384615385
4 0.5480769230769231 0.27884615384615385 0.04807692307692302 0.11057692307692304
11 0.3786057692307693 0.2776442307692308 0.07451923076923078 0.18509615384615385
8 0.2752403846153846 0.375 0.07451923076923078 0.21634615384615385
12 0.1826923076923077 0.19591346153846154 0.06730769230769232 0.13701923076923078
10 0.46033653846153844 0.28365384615384615 0.05048076923076922 0.1105769230769231
10 0.3786057692307692 0.1141826923076923 0.055288461538461564 0.11778846153846154
10 0.2872596153846154 0.037259615384615384 0.05048076923076922 0.07451923076923077
10 0.27283653846153844 0.6490384615384616 0.06009615384615383 0.1298076923076923
