2 0.2716346153846154 0.6466346153846154 0.07692307692307693 0.20192307692307698
6 0.14182692307692307 0.7884615384615384 0.07211538461538462 0.13942307692307687
12 0.3485576923076923 0.7860576923076923 0.07211538461538464 0.13942307692307687
4 0.3245192307692307 0.25841346153846156 0.05288461538461536 0.10336538461538464
4 0.3737980769230769 0.5540865384615384 0.055288461538461564 0.10336538461538458
5 0.40625 0.33052884615384615 0.06730769230769229 0.17548076923076925
3 0.5637019230769231 0.4483173076923077 0.06490384615384615 0.14182692307692313
4 0.49158653846153844 0.3473557692307693 0.04567307692307687 0.10336538461538464
11 0.6502403846153846 0.34615384615384615 0.06971153846153844 0.17307692307692307
8 0.7439903846153846 0.4362980769230769 0.06971153846153844 0.19951923076923073
12 0.8329326923076923 0.2668269230769231 0.06490384615384615 0.1298076923076923
10 0.5733173076923077 0.35216346153846156 0.04567307692307687 0.10336538461538464
10 0.6502403846153846 0.19230769230769232 0.050480769230769273 0.11057692307692307
10 0.7355769230769231 0.10096153846153846 0.04807692307692302 0.10576923076923078
10 0.7463942307692308 0.6911057692307692 0.060096153846153855 0.12259615384615385
