9 0.4519230769230769 0.6478365384615384 0.07211538461538458 0.1610576923076923
1 0.4387019230769231 0.43028846153846156 0.06490384615384615 0.1490384615384615
11 0.3473557692307692 0.1466346153846154 0.06490384615384615 0.1875
8 0.16105769230769232 0.30528846153846156 0.07692307692307694 0.20192307692307693
12 0.1971153846153846 0.09014423076923077 0.0625 0.13221153846153846
10 0.27283653846153844 0.1670673076923077 0.06009615384615383 0.11298076923076925
10 0.25961538461538464 0.34134615384615385 0.06250000000000003 0.11538461538461542
10 0.3473557692307693 0.32692307692307687 0.05048076923076922 0.11057692307692307
10 0.3557692307692308 0.5661057692307692 0.0625 0.11778846153846156
3 0.24399038461538464 0.6394230769230769 0.06971153846153846 0.16826923076923073
6 0.5733173076923077 0.08173076923076923 0.055288461538461564 0.12980769230769232
1 0.5084134615384616 0.23677884615384615 0.0600961538461538 0.1466346153846154
4 0.4182692307692307 0.17908653846153846 0.05288461538461536 0.11298076923076923
4 0.6862980769230769 0.3425480769230769 0.050480769230769273 0.12259615384615385
4 0.5432692307692308 0.6658653846153846 0.05288461538461531 0.1298076923076923
4 0.6081730769230769 0.5408653846153846 0.0576923076923076 0.11538461538461536
2 0.7704326923076923 0.3016826923076923 0.08413461538461542 0.19951923076923078
