7 0.4411057692307692 0.4314903846153846 0.06490384615384615 0.14663461538461536
9 0.4519230769230769 0.6418269230769231 0.07211538461538458 0.16346153846153844
11 0.3449519230769231 0.14663461538461536 0.06490384615384615 0.18269230769230768
12 0.4254807692307692 0.16346153846153846 0.0625 0.13461538461538464
8 0.1670673076923077 0.30528846153846156 0.08413461538461539 0.2115384615384615
10 0.2764423076923077 0.16826923076923078 0.04807692307692307 0.11057692307692309
10 0.3581730769230769 0.5637019230769231 0.05769230769230771 0.12259615384615385
10 0.2608173076923077 0.34134615384615385 0.060096153846153855 0.11538461538461542
6 0.27163461538461536 0.07211538461538462 0.05769230769230768 0.12980769230769232
3 0.24278846153846154 0.6430288461538461 0.07211538461538464 0.15625
1 0.4435096153846154 0.31971153846153844 0.05528846153846151 0.14423076923076922
2 0.7704326923076923 0.29927884615384615 0.08413461538461542 0.2043269230769231
4 0.6814903846153846 0.3425480769230769 0.055288461538461564 0.11298076923076927
4 0.6081730769230769 0.5384615384615384 0.0576923076923076 0.12019230769230765
4 0.5420673076923077 0.6682692307692307 0.060096153846153855 0.12019230769230771
