2 0.23317307692307693 0.29927884615384615 0.08173076923076925 0.2043269230769231
1 0.4026442307692308 0.15384615384615385 0.055288461538461564 0.15384615384615385
1 0.6478365384615385 0.5396634615384616 0.06971153846153844 0.1514423076923077
3 0.40865384615384615 0.33533653846153844 0.0625 0.15144230769230765
3 0.5685096153846154 0.78125 0.08413461538461542 0.16346153846153855
6 0.4278846153846154 0.08173076923076923 0.057692307692307654 0.12980769230769232
6 0.484375 0.43509615384615385 0.06971153846153849 0.13942307692307693
4 0.2692307692307693 0.7860576923076923 0.07211538461538464 0.1298076923076923
4 0.32091346153846156 0.3401442307692307 0.05528846153846151 0.11298076923076922
4 0.5120192307692307 0.17307692307692307 0.04807692307692307 0.11057692307692307
4 0.5817307692307693 0.1778846153846154 0.05769230769230771 0.11057692307692309
4 0.39783653846153844 0.5396634615384616 0.0600961538461538 0.11778846153846151
4 0.46634615384615385 0.6658653846153846 0.06730769230769229 0.125
8 0.8461538461538461 0.40384615384615385 0.08653846153846145 0.2115384615384615
9 0.7800480769230769 0.7860576923076923 0.07932692307692302 0.16346153846153844
11 0.6574519230769231 0.14423076923076922 0.06490384615384615 0.1778846153846154
12 0.8028846153846154 0.08052884615384615 0.0625 0.12740384615384615
7 0.6514423076923077 0.421875 0.06730769230769229 0.1514423076923077
7 0.8161057692307692 0.1454326923076923 0.060096153846153855 0.1466346153846154
10 0.5889423076923077 0.08173076923076923 0.05288461538461542 0.10576923076923075
10 0.7307692307692308 0.16466346153846154 0.05288461538461531 0.10817307692307693
10 0.7487980769230769 0.3341346153846154 0.055288461538461564 0.11057692307692307
10 0.7475961538461539 0.4362980769230769 0.0625 0.11298076923076927
10 0.7632211538461539 0.6646634615384615 0.06971153846153855 0.12259615384615385
