2 0.7980769230769231 0.2848557692307692 0.08653846153846156 0.21875
1 0.6153846153846154 0.12740384615384615 0.05769230769230771 0.16346153846153846
1 0.3581730769230769 0.53125 0.07211538461538458 0.1586538461538462
3 0.6117788461538463 0.32091346153846156 0.06490384615384615 0.16105769230769232
3 0.4435096153846154 0.7896634615384615 0.08894230769230765 0.17548076923076927
6 0.5901442307692308 0.06610576923076923 0.060096153846153855 0.10817307692307693
6 0.53125 0.4254807692307692 0.07211538461538458 0.14903846153846156
4 0.7608173076923077 0.7992788461538461 0.07451923076923084 0.14182692307692313
4 0.7043269230769231 0.3269230769230769 0.0576923076923076 0.12019230769230771
4 0.5012019230769231 0.1454326923076923 0.050480769230769273 0.11778846153846154
4 0.4254807692307692 0.1502403846153846 0.0625 0.11778846153846155
4 0.6237980769230769 0.5384615384615384 0.060096153846153855 0.125
4 0.5528846153846154 0.6694711538461539 0.06730769230769229 0.13221153846153855
8 0.14783653846153846 0.3846153846153846 0.08894230769230771 0.2259615384615385
9 0.22115384615384615 0.7908653846153846 0.08173076923076925 0.17307692307692302
11 0.34615384615384615 0.11298076923076923 0.06730769230769229 0.19230769230769232
12 0.1923076923076923 0.05769230769230769 0.06730769230769232 0.10576923076923077
7 0.3533653846153846 0.40625 0.06730769230769235 0.15865384615384615
7 0.1778846153846154 0.11057692307692307 0.0625 0.15865384615384615
10 0.4182692307692308 0.05649038461538461 0.05769230769230771 0.09375
10 0.26802884615384615 0.13461538461538464 0.055288461538461536 0.11538461538461539
10 0.25 0.3112980769230769 0.05769230769230771 0.11778846153846156
10 0.2512019230769231 0.41947115384615385 0.06490384615384615 0.12259615384615385
10 0.23798076923076925 0.6634615384615384 0.07211538461538464 0.1298076923076923
