2 0.7067307692307692 0.734375 0.09615384615384615 0.2235576923076923
6 0.9026442307692307 0.7680288461538461 0.09375 0.15625
5 0.6262019230769231 0.29447115384615385 0.07932692307692302 0.19471153846153846
4 0.7139423076923077 0.21514423076923078 0.0625 0.12259615384615385
4 0.5420673076923077 0.3064903846153846 0.060096153846153855 0.11778846153846151
4 0.6622596153846154 0.5228365384615384 0.06971153846153844 0.1322115384615385
8 0.375 0.3810096153846154 0.09134615384615385 0.20913461538461536
10 0.4543269230769231 0.3052884615384615 0.0625 0.12019230769230768
10 0.28125 0.04927884615384615 0.06730769230769229 0.0985576923076923
10 0.2776442307692308 0.6526442307692308 0.07451923076923075 0.12259615384615385
