2 0.6370192307692308 0.7415865384615384 0.09134615384615385 0.2139423076923077
6 0.8221153846153846 0.7728365384615384 0.09134615384615385 0.1514423076923077
5 0.5805288461538461 0.31850961538461536 0.07932692307692313 0.18990384615384612
4 0.6682692307692307 0.2439903846153846 0.0625 0.11778846153846151
4 0.5 0.33052884615384615 0.05769230769230771 0.11298076923076922
4 0.6045673076923077 0.5384615384615384 0.06490384615384615 0.125
8 0.3377403846153846 0.4014423076923077 0.08894230769230765 0.20192307692307693
10 0.4158653846153846 0.33052884615384615 0.057692307692307654 0.11778846153846156
10 0.2620192307692308 0.07692307692307693 0.06730769230769232 0.11057692307692307
10 0.22836538461538464 0.6622596153846154 0.07211538461538461 0.11778846153846156
