2 0.671875 0.7980769230769231 0.09375 0.22596153846153844
6 0.8689903846153846 0.8365384615384615 0.09375 0.15865384615384615
5 0.5925480769230769 0.3533653846153846 0.07932692307692302 0.19711538461538464
4 0.6814903846153846 0.2764423076923077 0.06490384615384615 0.12500000000000003
4 0.5084134615384616 0.3629807692307692 0.05528846153846151 0.12019230769230771
4 0.6274038461538461 0.5829326923076923 0.06730769230769229 0.13221153846153844
8 0.3401442307692308 0.4326923076923077 0.08894230769230771 0.2115384615384615
10 0.41947115384615385 0.359375 0.060096153846153855 0.12259615384615385
10 0.24639423076923078 0.0889423076923077 0.06971153846153846 0.11538461538461539
10 0.2403846153846154 0.703125 0.07211538461538464 0.12740384615384626
