5 0.19951923076923078 0.296875 0.07211538461538461 0.1610576923076923
2 0.1875 0.36899038461538464 0.08173076923076922 0.18509615384615385
1 0.23317307692307693 0.2091346153846154 0.048076923076923045 0.12980769230769235
1 0.16947115384615385 0.5 0.06971153846153846 0.13461538461538458
3 0.24399038461538464 0.12980769230769232 0.06009615384615388 0.125
3 0.14423076923076922 0.6189903846153846 0.08173076923076925 0.12740384615384615
6 0.24759615384615385 0.0625 0.05288461538461542 0.11057692307692307
6 0.12620192307692307 0.7451923076923077 0.07451923076923077 0.1298076923076923
4 0.3293269230769231 0.05889423076923077 0.043269230769230727 0.09855769230769232
4 0.3233173076923077 0.14182692307692307 0.04567307692307693 0.09615384615384615
4 0.3076923076923077 0.2259615384615385 0.04326923076923078 0.09615384615384617
4 0.296875 0.31009615384615385 0.04567307692307687 0.10096153846153844
4 0.28125 0.40384615384615385 0.04807692307692313 0.10096153846153844
4 0.265625 0.5120192307692308 0.050480769230769246 0.10096153846153844
4 0.25 0.6225961538461539 0.05769230769230771 0.10576923076923084
4 0.23076923076923078 0.7427884615384616 0.05769230769230771 0.11538461538461542
11 0.8052884615384616 0.2800480769230769 0.06730769230769229 0.1706730769230769
8 0.8173076923076923 0.36658653846153844 0.07211538461538458 0.1947115384615385
7 0.8028846153846154 0.20072115384615385 0.05288461538461542 0.13701923076923075
7 0.828125 0.49278846153846156 0.060096153846153744 0.13461538461538464
9 0.7884615384615384 0.12259615384615385 0.0625 0.1298076923076923
9 0.8173076923076923 0.609375 0.07211538461538458 0.14182692307692313
12 0.7896634615384615 0.05048076923076923 0.050480769230769273 0.10096153846153846
12 0.8389423076923077 0.7560096153846154 0.07211538461538458 0.13701923076923073
10 0.7127403846153846 0.055288461538461536 0.04567307692307698 0.09615384615384615
10 0.7127403846153846 0.13581730769230768 0.04567307692307698 0.09374999999999999
10 0.7115384615384615 0.22235576923076922 0.043269230769230727 0.09855769230769229
10 0.7139423076923077 0.3088942307692308 0.04807692307692313 0.09855769230769229
10 0.7103365384615385 0.4098557692307692 0.050480769230769273 0.09855769230769229
10 0.7199519230769231 0.5168269230769231 0.050480769230769273 0.10576923076923073
10 0.7175480769230769 0.6225961538461539 0.055288461538461564 0.10576923076923084
10 0.7259615384615384 0.7487980769230769 0.0625 0.10817307692307698
