5 0.7836538461538461 0.31490384615384615 0.06730769230769229 0.15865384615384615
2 0.7944711538461539 0.38822115384615385 0.07451923076923084 0.18509615384615385
1 0.7524038461538461 0.22836538461538464 0.04326923076923084 0.12980769230769232
1 0.8088942307692308 0.5168269230769231 0.06490384615384615 0.13461538461538464
3 0.7439903846153846 0.1502403846153846 0.055288461538461564 0.12740384615384615
3 0.8305288461538461 0.6346153846153846 0.07451923076923084 0.1298076923076923
6 0.7415865384615385 0.08413461538461539 0.050480769230769273 0.11057692307692307
6 0.84375 0.7596153846153846 0.07211538461538458 0.1298076923076923
4 0.6598557692307692 0.078125 0.04086538461538469 0.09855769230769229
4 0.6646634615384616 0.16105769230769232 0.04086538461538458 0.09615384615384616
4 0.6766826923076923 0.24278846153846156 0.04086538461538458 0.09615384615384617
4 0.6875 0.3269230769230769 0.04326923076923084 0.10096153846153844
4 0.6995192307692308 0.41947115384615385 0.04807692307692302 0.09855769230769229
4 0.7139423076923077 0.5264423076923077 0.04807692307692313 0.10096153846153844
4 0.7259615384615384 0.6346153846153846 0.05288461538461542 0.10576923076923073
4 0.7427884615384616 0.7536057692307692 0.05288461538461542 0.11298076923076927
11 0.1875 0.2824519230769231 0.0625 0.17067307692307696
8 0.17307692307692307 0.36778846153846156 0.06730769230769229 0.19230769230769235
7 0.19230769230769232 0.20432692307692307 0.04807692307692307 0.13461538461538458
7 0.1610576923076923 0.4903846153846154 0.05769230769230768 0.13461538461538464
9 0.20673076923076922 0.12860576923076925 0.05769230769230768 0.12740384615384615
9 0.1670673076923077 0.6069711538461539 0.06490384615384617 0.14182692307692313
12 0.20793269230769232 0.056490384615384616 0.04567307692307693 0.10336538461538462
12 0.14423076923076922 0.7487980769230769 0.06730769230769232 0.13701923076923073
10 0.28365384615384615 0.0625 0.04326923076923078 0.09615384615384615
10 0.2824519230769231 0.14423076923076922 0.04086538461538458 0.09134615384615384
10 0.2800480769230769 0.2295673076923077 0.04086538461538458 0.09855769230769232
10 0.2752403846153846 0.3112980769230769 0.04567307692307693 0.09855769230769229
10 0.2776442307692307 0.41346153846153844 0.04567307692307693 0.10096153846153849
10 0.2668269230769231 0.5180288461538461 0.0480769230769231 0.10336538461538458
10 0.265625 0.6225961538461539 0.050480769230769246 0.10576923076923084
10 0.2548076923076923 0.7451923076923077 0.05769230769230768 0.11057692307692313
