11 0.671875 0.12860576923076925 0.07451923076923084 0.18990384615384617
8 0.8569711538461539 0.30288461538461536 0.08413461538461542 0.21634615384615383
9 0.5540865384615385 0.6514423076923077 0.06971153846153844 0.17307692307692313
6 0.7512019230769231 0.06971153846153846 0.06490384615384615 0.09615384615384615
12 0.5865384615384616 0.14302884615384615 0.0625 0.14182692307692307
7 0.5673076923076923 0.42788461538461536 0.0625 0.16346153846153844
10 0.7451923076923077 0.15625 0.05288461538461542 0.1201923076923077
10 0.7584134615384615 0.3341346153846154 0.060096153846153855 0.12019230769230765
10 0.6634615384615384 0.32211538461538464 0.05769230769230771 0.125
10 0.6538461538461539 0.5649038461538461 0.0625 0.1298076923076923
3 0.7728365384615385 0.65625 0.07451923076923073 0.17307692307692313
1 0.5 0.21754807692307693 0.05769230769230771 0.15625
2 0.22115384615384615 0.2800480769230769 0.09134615384615385 0.2235576923076923
4 0.3125 0.3269230769230769 0.05769230769230771 0.11538461538461542
4 0.390625 0.53125 0.055288461538461564 0.1298076923076923
4 0.46033653846153844 0.6670673076923077 0.0649038461538462 0.12740384615384615
