11 0.34134615384615385 0.140625 0.07211538461538458 0.18509615384615385
8 0.15504807692307693 0.30528846153846156 0.08413461538461538 0.2115384615384615
9 0.4435096153846154 0.65625 0.06971153846153849 0.16826923076923084
6 0.265625 0.06490384615384615 0.06490384615384615 0.12499999999999999
12 0.42427884615384615 0.15504807692307693 0.060096153846153855 0.13701923076923078
7 0.4362980769230769 0.43509615384615385 0.060096153846153855 0.1586538461538461
10 0.26802884615384615 0.16466346153846154 0.050480769230769246 0.11298076923076922
10 0.25240384615384615 0.3389423076923077 0.05769230769230768 0.11538461538461536
10 0.3449519230769231 0.3293269230769231 0.055288461538461564 0.12019230769230771
10 0.3485576923076923 0.5673076923076923 0.0625 0.125
3 0.2295673076923077 0.6550480769230769 0.07451923076923075 0.1658653846153847
1 0.5072115384615384 0.23076923076923078 0.057692307692307654 0.15384615384615385
2 0.7776442307692307 0.29927884615384615 0.08894230769230771 0.21394230769230768
4 0.6875 0.34615384615384615 0.05769230769230771 0.11057692307692307
4 0.6069711538461539 0.5408653846153846 0.05528846153846145 0.12499999999999994
4 0.5372596153846154 0.6742788461538463 0.06490384615384615 0.12259615384615385
