8 0.26322115384615385 0.41466346153846156 0.07451923076923075 0.20432692307692313
2 0.7235576923076923 0.6418269230769231 0.08653846153846156 0.20192307692307698
5 0.59375 0.3293269230769231 0.06730769230769229 0.1778846153846154
6 0.8473557692307692 0.7824519230769231 0.07932692307692302 0.1466346153846153
12 0.6454326923076923 0.7764423076923077 0.06971153846153844 0.14423076923076916
3 0.4375 0.4375 0.06730769230769229 0.13942307692307687
12 0.17548076923076922 0.2536057692307692 0.06730769230769232 0.13221153846153844
10 0.25600961538461536 0.6670673076923077 0.06009615384615383 0.11778846153846156
4 0.625 0.5444711538461539 0.04807692307692313 0.11298076923076922
10 0.3557692307692307 0.18269230769230768 0.04807692307692307 0.11057692307692307
10 0.43028846153846156 0.34254807692307687 0.04807692307692307 0.10817307692307693
4 0.5108173076923077 0.3389423076923077 0.05048076923076922 0.10576923076923078
10 0.2716346153846154 0.09134615384615384 0.04807692307692307 0.10576923076923075
4 0.6778846153846154 0.2548076923076923 0.04807692307692302 0.10096153846153849
