2 0.7704326923076923 0.30408653846153844 0.08894230769230771 0.19951923076923078
3 0.6466346153846154 0.7680288461538461 0.07692307692307698 0.15625
6 0.6610576923076923 0.171875 0.0625 0.13221153846153844
4 0.7007211538461539 0.5408653846153846 0.05528846153846145 0.12019230769230765
4 0.5192307692307692 0.3497596153846154 0.05288461538461531 0.11298076923076922
1 0.5360576923076923 0.5408653846153846 0.06730769230769229 0.14903846153846156
1 0.3545673076923077 0.15504807692307693 0.060096153846153855 0.14182692307692307
8 0.17548076923076922 0.3966346153846154 0.08173076923076925 0.2115384615384615
9 0.19591346153846156 0.1502403846153846 0.06971153846153846 0.15625
7 0.5012019230769231 0.07451923076923077 0.060096153846153855 0.14423076923076925
7 0.3545673076923077 0.3269230769230769 0.06490384615384615 0.15384615384615385
10 0.34134615384615385 0.5528846153846154 0.05769230769230771 0.12019230769230771
