5 0.6165865384615385 0.28725961538461536 0.060096153846153855 0.18990384615384612
6 0.8521634615384616 0.7355769230769231 0.07932692307692313 0.14423076923076927
2 0.7379807692307692 0.5961538461538461 0.08653846153846156 0.2211538461538462
4 0.6983173076923077 0.22355769230769232 0.055288461538461564 0.10576923076923078
4 0.6370192307692307 0.5024038461538461 0.0625 0.10576923076923078
4 0.5372596153846154 0.2980769230769231 0.050480769230769273 0.1105769230769231
3 0.46153846153846156 0.390625 0.057692307692307654 0.14182692307692313
9 0.53125 0.12740384615384615 0.0625 0.14903846153846154
8 0.28846153846153844 0.3629807692307693 0.07211538461538464 0.20673076923076922
11 0.38100961538461536 0.28365384615384615 0.06490384615384615 0.1875
10 0.45552884615384615 0.29447115384615385 0.04567307692307693 0.1081730769230769
10 0.27884615384615385 0.5997596153846154 0.0625 0.11778846153846156
10 0.3064903846153846 0.20192307692307693 0.05528846153846151 0.11057692307692304
10 0.30288461538461536 0.051682692307692304 0.0625 0.10336538461538461
12 0.2079326923076923 0.19591346153846156 0.06490384615384617 0.12740384615384617
12 0.6550480769230769 0.7235576923076923 0.06971153846153844 0.13461538461538458
