2 0.2295673076923077 0.3004807692307692 0.08894230769230771 0.21153846153846154
6 0.4266826923076923 0.08413461538461538 0.06490384615384615 0.1346153846153846
1 0.4951923076923077 0.2391826923076923 0.0625 0.15624999999999997
4 0.5841346153846154 0.18509615384615385 0.05288461538461542 0.12019230769230768
4 0.31971153846153844 0.35096153846153844 0.057692307692307654 0.11538461538461536
4 0.4026442307692308 0.5564903846153846 0.06490384615384615 0.12259615384615385
4 0.47475961538461536 0.6838942307692308 0.06490384615384615 0.12740384615384615
3 0.5841346153846154 0.6730769230769231 0.07211538461538458 0.15865384615384615
3 0.7836538461538461 0.6598557692307693 0.08173076923076916 0.1610576923076923
11 0.6586538461538461 0.15504807692307693 0.06730769230769229 0.1802884615384615
12 0.8125 0.09975961538461539 0.07211538461538458 0.13701923076923078
8 0.8461538461538461 0.31971153846153844 0.08173076923076916 0.21153846153846154
9 0.7920673076923077 0.8137019230769231 0.08413461538461542 0.1658653846153847
7 0.5709134615384615 0.44591346153846156 0.06490384615384615 0.1514423076923077
10 0.6646634615384615 0.3425480769230769 0.060096153846153855 0.12259615384615385
10 0.7355769230769231 0.1766826923076923 0.05288461538461531 0.11778846153846154
10 0.7524038461538461 0.35096153846153844 0.05288461538461542 0.12019230769230765
10 0.6610576923076923 0.5793269230769231 0.0625 0.125
