3 0.296875 0.6057692307692308 0.07932692307692313 0.14903846153846156
6 0.16947115384615385 0.7295673076923077 0.07932692307692307 0.14182692307692313
2 0.21394230769230768 0.3533653846153846 0.08173076923076922 0.20673076923076922
5 0.4098557692307692 0.27403846153846156 0.06971153846153844 0.18750000000000003
6 0.4158653846153846 0.04927884615384615 0.057692307692307654 0.0985576923076923
9 0.4158653846153846 0.10576923076923077 0.057692307692307654 0.1346153846153846
9 0.5733173076923077 0.37379807692307687 0.06490384615384615 0.14182692307692307
4 0.485576923076923 0.04807692307692308 0.05288461538461536 0.09615384615384616
4 0.3269230769230769 0.20793269230769232 0.05288461538461542 0.10336538461538464
4 0.3401442307692307 0.1201923076923077 0.05048076923076922 0.10096153846153846
4 0.3064903846153846 0.3870192307692307 0.05528846153846151 0.11057692307692307
4 0.3016826923076923 0.49278846153846156 0.060096153846153855 0.11538461538461542
4 0.3737980769230769 0.7331730769230769 0.06971153846153844 0.11538461538461531
4 0.4915865384615385 0.2776442307692307 0.050480769230769273 0.11298076923076922
8 0.8509615384615385 0.34134615384615385 0.08173076923076927 0.20673076923076922
12 0.8088942307692308 0.038461538461538464 0.060096153846153855 0.07692307692307693
12 0.7728365384615385 0.7307692307692308 0.07451923076923073 0.14423076923076927
7 0.8677884615384616 0.46754807692307687 0.07211538461538458 0.14663461538461536
11 0.8329326923076923 0.2512019230769231 0.07451923076923084 0.18028846153846154
9 0.6502403846153846 0.17067307692307693 0.06490384615384615 0.14423076923076922
9 0.8641826923076923 0.5865384615384615 0.07451923076923084 0.15384615384615385
10 0.5757211538461539 0.27884615384615385 0.05048076923076916 0.10576923076923075
10 0.7283653846153846 0.038461538461538464 0.05288461538461542 0.07692307692307693
10 0.7355769230769231 0.19831730769230768 0.05288461538461531 0.11298076923076922
10 0.7475961538461539 0.39302884615384615 0.05769230769230771 0.10817307692307693
10 0.7572115384615384 0.4963942307692308 0.05769230769230771 0.10817307692307698
10 0.7632211538461537 0.5997596153846154 0.060096153846153855 0.11298076923076927
10 0.5733173076923077 0.7259615384615384 0.060096153846153855 0.12019230769230771
