3 0.7463942307692308 0.6394230769230769 0.07932692307692302 0.15865384615384615
6 0.8822115384615385 0.7608173076923077 0.08173076923076927 0.1514423076923077
2 0.828125 0.3713942307692308 0.08413461538461542 0.21875
5 0.6225961538461539 0.2980769230769231 0.06730769230769229 0.19711538461538458
6 0.6117788461538461 0.056490384615384616 0.05528846153846145 0.11298076923076923
9 0.6129807692307693 0.12139423076923078 0.05769230769230771 0.14182692307692307
9 0.453125 0.4098557692307692 0.06490384615384615 0.1514423076923077
4 0.5396634615384615 0.055288461538461536 0.050480769230769273 0.11057692307692307
4 0.7091346153846154 0.2247596153846154 0.05288461538461542 0.10817307692307693
4 0.6935096153846154 0.13341346153846154 0.050480769230769273 0.10817307692307693
4 0.7319711538461539 0.4110576923076923 0.05528846153846145 0.12019230769230771
4 0.7391826923076923 0.5216346153846154 0.060096153846153855 0.12019230769230771
4 0.6682692307692308 0.7752403846153846 0.07211538461538469 0.12259615384615385
4 0.5372596153846154 0.30408653846153844 0.050480769230769273 0.11778846153846154
8 0.1658653846153846 0.3870192307692308 0.08173076923076922 0.21634615384615385
12 0.20072115384615385 0.054086538461538464 0.060096153846153855 0.10817307692307693
12 0.2512019230769231 0.7920673076923077 0.07451923076923075 0.1514423076923077
7 0.14663461538461536 0.5192307692307692 0.07211538461538461 0.15384615384615385
11 0.18028846153846154 0.29086538461538464 0.07211538461538464 0.18750000000000003
9 0.3701923076923077 0.1983173076923077 0.0625 0.1514423076923077
9 0.15384615384615385 0.6430288461538461 0.07692307692307693 0.1610576923076923
10 0.4495192307692307 0.31009615384615385 0.04807692307692307 0.11057692307692307
10 0.2848557692307693 0.051682692307692304 0.05048076923076922 0.10336538461538461
10 0.28125 0.23076923076923075 0.05288461538461542 0.11538461538461536
10 0.27163461538461536 0.4362980769230769 0.05769230769230768 0.11298076923076927
10 0.26322115384615385 0.5444711538461539 0.060096153846153855 0.11298076923076922
10 0.25961538461538464 0.6526442307692308 0.06250000000000003 0.11778846153846156
10 0.46033653846153844 0.7764423076923077 0.0600961538461538 0.125
