3 0.27403846153846156 0.6286057692307692 0.07692307692307693 0.1466346153846153
6 0.14543269230769232 0.7415865384615384 0.07932692307692309 0.14182692307692313
2 0.203125 0.37740384615384615 0.07932692307692307 0.20673076923076922
5 0.3942307692307692 0.3088942307692308 0.06730769230769229 0.18509615384615385
6 0.40865384615384615 0.078125 0.05288461538461542 0.11778846153846155
9 0.40625 0.14663461538461536 0.05769230769230771 0.1346153846153846
9 0.5516826923076923 0.4158653846153846 0.06490384615384615 0.13942307692307693
4 0.47716346153846156 0.08413461538461539 0.05048076923076922 0.10576923076923078
4 0.3161057692307693 0.24158653846153846 0.05048076923076922 0.10336538461538464
4 0.3329326923076923 0.15745192307692307 0.05048076923076922 0.09855769230769229
4 0.2920673076923077 0.4158653846153846 0.05048076923076922 0.11057692307692307
4 0.28125 0.5168269230769231 0.05769230769230771 0.11057692307692302
4 0.34375 0.7548076923076923 0.06730769230769229 0.11538461538461542
4 0.4747596153846154 0.3161057692307693 0.05048076923076922 0.10817307692307693
8 0.8209134615384616 0.3954326923076923 0.07932692307692313 0.19951923076923078
12 0.7920673076923077 0.08173076923076923 0.060096153846153855 0.11057692307692309
12 0.7331730769230769 0.7728365384615384 0.07211538461538469 0.14182692307692313
7 0.8353365384615385 0.5168269230769231 0.06971153846153844 0.14423076923076927
11 0.8076923076923077 0.3064903846153846 0.07211538461538458 0.17548076923076922
9 0.6322115384615384 0.21875 0.0625 0.1394230769230769
9 0.8269230769230769 0.6334134615384616 0.07211538461538469 0.1514423076923077
10 0.5576923076923077 0.3221153846153846 0.04807692307692313 0.10576923076923078
10 0.7139423076923077 0.0829326923076923 0.04807692307692313 0.09855769230769232
10 0.7139423076923077 0.25 0.05288461538461542 0.1105769230769231
10 0.7199519230769231 0.43990384615384615 0.055288461538461564 0.10576923076923078
10 0.7259615384615384 0.5408653846153846 0.05769230769230771 0.10576923076923078
10 0.7271634615384615 0.6442307692307692 0.060096153846153855 0.11057692307692302
10 0.5372596153846154 0.7560096153846154 0.060096153846153855 0.11778846153846156
