6 0.8473557692307692 0.7175480769230769 0.07932692307692302 0.14182692307692302
2 0.8137019230769231 0.46634615384615385 0.09375 0.2115384615384615
5 0.6045673076923077 0.27283653846153844 0.06490384615384615 0.18028846153846154
9 0.5096153846153846 0.1141826923076923 0.06730769230769229 0.13701923076923075
4 0.5240384615384616 0.046875 0.04807692307692313 0.09375
4 0.703125 0.3870192307692308 0.05528846153846145 0.12019230769230771
4 0.6802884615384616 0.20552884615384615 0.05769230769230771 0.10817307692307696
4 0.5192307692307692 0.2848557692307693 0.04807692307692302 0.10817307692307693
4 0.6310096153846154 0.4879807692307692 0.055288461538461564 0.11538461538461531
3 0.4423076923076923 0.3786057692307693 0.0625 0.14182692307692307
9 0.15625 0.5949519230769231 0.07692307692307693 0.1514423076923076
11 0.3605769230769231 0.2764423076923077 0.06730769230769229 0.17307692307692307
8 0.26802884615384615 0.3557692307692307 0.0793269230769231 0.20192307692307693
10 0.2608173076923077 0.6105769230769231 0.060096153846153855 0.11538461538461531
12 0.25240384615384615 0.7415865384615384 0.07211538461538458 0.14182692307692313
12 0.203125 0.04807692307692308 0.06490384615384615 0.09615384615384616
10 0.28125 0.04807692307692308 0.05769230769230771 0.09615384615384616
10 0.43990384615384615 0.2872596153846154 0.05769230769230771 0.10817307692307693
10 0.2860576923076923 0.20552884615384615 0.04807692307692307 0.11778846153846154
7 0.43990384615384615 0.5901442307692307 0.06730769230769229 0.1514423076923077
10 0.4483173076923077 0.7295673076923077 0.060096153846153855 0.12259615384615385
