6 0.8641826923076923 0.7331730769230769 0.07932692307692313 0.14423076923076927
2 0.8257211538461539 0.4795673076923077 0.09855769230769229 0.2139423076923077
5 0.6105769230769231 0.2824519230769231 0.0673076923076924 0.18509615384615385
9 0.5132211538461539 0.12139423076923077 0.06971153846153849 0.13701923076923075
4 0.5276442307692308 0.05048076923076923 0.050480769230769273 0.10096153846153846
4 0.7127403846153846 0.3966346153846154 0.055288461538461564 0.12019230769230765
4 0.6887019230769231 0.2139423076923077 0.060096153846153855 0.10576923076923075
4 0.5264423076923077 0.2956730769230769 0.05288461538461542 0.11057692307692304
4 0.6418269230769231 0.5012019230769231 0.0576923076923076 0.11778846153846156
3 0.4483173076923077 0.3918269230769231 0.06490384615384615 0.14423076923076927
9 0.16105769230769232 0.6105769230769231 0.08173076923076923 0.15384615384615385
11 0.3641826923076923 0.2872596153846154 0.06971153846153849 0.17548076923076922
8 0.2692307692307692 0.36778846153846156 0.08173076923076925 0.20673076923076922
10 0.2668269230769231 0.6262019230769231 0.0625 0.11778846153846156
12 0.25841346153846156 0.7596153846153846 0.07451923076923078 0.14423076923076927
12 0.20072115384615385 0.05048076923076923 0.06490384615384615 0.10096153846153846
10 0.2824519230769231 0.051682692307692304 0.060096153846153855 0.10336538461538461
10 0.44350961538461536 0.2980769230769231 0.060096153846153855 0.1105769230769231
10 0.2872596153846154 0.21514423076923078 0.05048076923076922 0.11778846153846156
7 0.4483173076923077 0.6045673076923077 0.06971153846153849 0.15625
10 0.45913461538461536 0.7463942307692308 0.0625 0.12259615384615385
