6 0.8185096153846154 0.7235576923076923 0.08413461538461542 0.14423076923076916
2 0.7956730769230769 0.4759615384615385 0.08653846153846156 0.20673076923076927
4 0.5192307692307692 0.05889423076923077 0.04807692307692302 0.10817307692307693
3 0.4278846153846154 0.38822115384615385 0.07211538461538464 0.14182692307692307
8 0.25240384615384615 0.3701923076923077 0.08173076923076925 0.20673076923076922
11 0.3497596153846154 0.2848557692307692 0.07451923076923078 0.18990384615384615
5 0.5889423076923077 0.2824519230769231 0.07211538461538458 0.18028846153846154
4 0.6586538461538461 0.13221153846153846 0.05288461538461542 0.11057692307692307
4 0.6658653846153846 0.21394230769230768 0.05288461538461542 0.11057692307692307
4 0.6862980769230769 0.3954326923076923 0.055288461538461564 0.10817307692307693
4 0.609375 0.49759615384615385 0.06490384615384626 0.12019230769230771
4 0.5048076923076923 0.28966346153846156 0.05769230769230771 0.11778846153846151
9 0.5012019230769231 0.12379807692307693 0.06971153846153844 0.1514423076923077
9 0.14302884615384615 0.6009615384615385 0.07932692307692307 0.15384615384615385
12 0.23197115384615385 0.7451923076923077 0.08894230769230771 0.14903846153846156
12 0.20072115384615385 0.055288461538461536 0.06490384615384615 0.11057692307692307
7 0.4182692307692307 0.5961538461538461 0.07211538461538464 0.14903846153846145
10 0.4254807692307692 0.2956730769230769 0.05769230769230771 0.10096153846153846
10 0.27884615384615385 0.05048076923076923 0.05288461538461542 0.10096153846153846
10 0.2752403846153846 0.21153846153846154 0.05528846153846151 0.11538461538461536
10 0.2403846153846154 0.6141826923076923 0.06730769230769235 0.11778846153846156
10 0.4266826923076923 0.7355769230769231 0.06490384615384615 0.11538461538461531
