6 0.15745192307692307 0.7307692307692308 0.07932692307692307 0.14423076923076927
2 0.18509615384615385 0.4795673076923077 0.08173076923076925 0.20913461538461542
4 0.4747596153846154 0.05048076923076923 0.04567307692307693 0.10096153846153846
3 0.5576923076923077 0.37620192307692313 0.06730769230769229 0.14182692307692307
8 0.7331730769230769 0.34975961538461536 0.07692307692307698 0.2091346153846154
11 0.6382211538461539 0.2692307692307692 0.06971153846153855 0.1923076923076923
5 0.39783653846153844 0.2776442307692308 0.06971153846153849 0.18028846153846156
4 0.33052884615384615 0.12860576923076922 0.05048076923076922 0.11298076923076925
4 0.3221153846153846 0.21153846153846154 0.05288461538461536 0.11057692307692307
4 0.2980769230769231 0.3954326923076923 0.05288461538461542 0.10817307692307693
4 0.375 0.4951923076923077 0.0625 0.12019230769230771
4 0.48197115384615385 0.28125 0.05528846153846151 0.12019230769230771
9 0.4903846153846154 0.11298076923076922 0.06730769230769235 0.15384615384615385
9 0.8401442307692308 0.5757211538461539 0.07451923076923073 0.15625
12 0.7475961538461539 0.7259615384615385 0.08653846153846145 0.14903846153846156
12 0.7932692307692307 0.042067307692307696 0.0625 0.08413461538461539
7 0.5625 0.5829326923076923 0.06730769230769229 0.1514423076923077
10 0.5612980769230769 0.2824519230769231 0.055288461538461564 0.10336538461538458
10 0.7139423076923077 0.039663461538461536 0.05288461538461542 0.07932692307692307
10 0.7151442307692308 0.19110576923076922 0.050480769230769273 0.11778846153846154
10 0.7415865384615385 0.59375 0.06490384615384615 0.12019230769230771
10 0.5516826923076923 0.7235576923076923 0.060096153846153855 0.11538461538461542
