6 0.14423076923076922 0.7247596153846154 0.08653846153846154 0.14663461538461542
2 0.18149038461538464 0.46754807692307687 0.08894230769230768 0.21394230769230765
4 0.49278846153846156 0.04326923076923077 0.05288461538461542 0.08653846153846154
3 0.5673076923076923 0.36778846153846156 0.07211538461538458 0.14423076923076922
8 0.7463942307692308 0.3425480769230769 0.08413461538461531 0.2139423076923077
11 0.6526442307692308 0.25841346153846156 0.07451923076923073 0.19471153846153846
5 0.4074519230769231 0.26322115384615385 0.07451923076923073 0.18509615384615385
4 0.3425480769230769 0.109375 0.055288461538461564 0.11298076923076922
4 0.33052884615384615 0.1935096153846154 0.055288461538461564 0.11298076923076922
4 0.3004807692307692 0.38221153846153844 0.05769230769230771 0.11057692307692307
4 0.3737980769230769 0.48557692307692313 0.06490384615384615 0.12500000000000006
4 0.4915865384615385 0.2668269230769231 0.060096153846153855 0.12019230769230771
9 0.5072115384615384 0.09615384615384615 0.07211538461538458 0.15384615384615385
9 0.8485576923076923 0.5769230769230769 0.08173076923076916 0.15865384615384615
12 0.7475961538461537 0.7295673076923077 0.09134615384615385 0.1514423076923077
12 0.8209134615384615 0.036057692307692304 0.06971153846153844 0.07211538461538461
7 0.5637019230769231 0.5793269230769231 0.07451923076923073 0.15384615384615385
10 0.5745192307692307 0.2692307692307693 0.05769230769230771 0.10576923076923078
10 0.7379807692307693 0.03365384615384615 0.05769230769230771 0.0673076923076923
10 0.7355769230769231 0.18028846153846154 0.0576923076923076 0.1201923076923077
10 0.7463942307692308 0.5949519230769231 0.06971153846153844 0.12259615384615385
10 0.546875 0.7235576923076923 0.06490384615384626 0.12019230769230771
