2 0.7848557692307692 0.3028846153846154 0.10336538461538469 0.2259615384615385
3 0.6430288461538461 0.8028846153846154 0.09855769230769229 0.17788461538461542
6 0.6766826923076923 0.15264423076923078 0.06971153846153844 0.15144230769230768
4 0.7067307692307693 0.5600961538461539 0.06730769230769229 0.125
4 0.5180288461538461 0.3449519230769231 0.06009615384615391 0.12740384615384615
1 0.5288461538461539 0.5504807692307692 0.06730769230769229 0.16346153846153844
1 0.34495192307692313 0.12740384615384615 0.07932692307692307 0.17307692307692307
8 0.1502403846153846 0.38341346153846156 0.10336538461538462 0.22836538461538464
10 0.32091346153846156 0.546875 0.0649038461538462 0.1322115384615385
9 0.17548076923076922 0.11658653846153845 0.08173076923076925 0.18028846153846154
7 0.5096153846153846 0.06971153846153846 0.06730769230769229 0.10576923076923077
7 0.109375 0.6466346153846154 0.08413461538461538 0.16826923076923073
