2 0.23798076923076922 0.2956730769230769 0.09615384615384615 0.21153846153846156
3 0.37259615384615385 0.7704326923076923 0.09134615384615385 0.16586538461538458
6 0.3401442307692308 0.15504807692307693 0.06490384615384615 0.14182692307692307
4 0.3112980769230769 0.5396634615384616 0.06490384615384615 0.11778846153846151
4 0.4903846153846154 0.34134615384615385 0.05769230769230771 0.11538461538461542
1 0.4795673076923077 0.5348557692307693 0.06490384615384609 0.15144230769230776
1 0.6550480769230769 0.13942307692307693 0.07451923076923073 0.16346153846153844
8 0.8377403846153846 0.38822115384615385 0.09855769230769229 0.2139423076923077
10 0.6754807692307693 0.5372596153846154 0.0625 0.12259615384615385
9 0.8112980769230769 0.1346153846153846 0.07451923076923073 0.16826923076923078
7 0.49759615384615385 0.06610576923076923 0.06730769230769229 0.13221153846153846
7 0.875 0.6358173076923077 0.07692307692307687 0.15625
