2 0.19471153846153846 0.3197115384615385 0.09615384615384615 0.22115384615384617
3 0.31971153846153844 0.8221153846153846 0.0913461538461538 0.17788461538461542
6 0.30649038461538464 0.17548076923076922 0.06490384615384615 0.14903846153846154
4 0.26322115384615385 0.5769230769230769 0.06490384615384615 0.125
4 0.4591346153846154 0.375 0.057692307692307654 0.125
1 0.4411057692307692 0.578125 0.06490384615384615 0.1610576923076923
1 0.6382211538461539 0.1658653846153846 0.07451923076923084 0.17307692307692307
8 0.8221153846153846 0.43269230769230765 0.09615384615384615 0.22596153846153844
10 0.6466346153846154 0.5865384615384616 0.0625 0.1298076923076923
9 0.8040865384615385 0.1658653846153846 0.07451923076923073 0.17788461538461536
7 0.47475961538461536 0.08052884615384616 0.06490384615384615 0.1466346153846154
7 0.8545673076923077 0.6935096153846154 0.07932692307692313 0.16586538461538458
