12 0.43509615384615385 0.3401442307692307 0.05769230769230771 0.13701923076923078
7 0.43990384615384615 0.4326923076923077 0.05769230769230771 0.1490384615384615
9 0.4543269230769231 0.6478365384615384 0.0625 0.1610576923076923
11 0.3449519230769231 0.14783653846153846 0.07451923076923073 0.18990384615384615
8 0.1658653846153846 0.30288461538461536 0.08653846153846155 0.21634615384615383
6 0.27163461538461536 0.07091346153846154 0.05769230769230768 0.12259615384615385
3 0.24639423076923075 0.6442307692307692 0.07932692307692307 0.16826923076923073
10 0.2752403846153846 0.1658653846153846 0.05528846153846151 0.11057692307692307
10 0.2596153846153846 0.3377403846153846 0.057692307692307654 0.11298076923076922
10 0.3545673076923077 0.5612980769230769 0.060096153846153855 0.11778846153846156
2 0.7728365384615384 0.296875 0.08894230769230771 0.2043269230769231
4 0.6838942307692308 0.34134615384615385 0.050480769230769273 0.10576923076923078
4 0.6045673076923077 0.5372596153846154 0.060096153846153855 0.12259615384615385
4 0.5432692307692307 0.6670673076923077 0.0625 0.12740384615384615
