2 0.7884615384615385 0.3137019230769231 0.09134615384615385 0.19951923076923075
12 0.4411057692307692 0.3401442307692307 0.06490384615384615 0.14182692307692307
7 0.4495192307692307 0.43509615384615385 0.07211538461538464 0.1586538461538461
8 0.16706730769230768 0.30649038461538464 0.0889423076923077 0.21875000000000003
10 0.36658653846153844 0.5685096153846154 0.06971153846153849 0.11778846153846156
10 0.2644230769230769 0.3377403846153846 0.05769230769230771 0.11778846153846151
6 0.2692307692307692 0.16947115384615385 0.06730769230769229 0.13221153846153846
4 0.3533653846153846 0.4471153846153846 0.057692307692307654 0.11538461538461536
4 0.5985576923076923 0.3449519230769231 0.04807692307692313 0.12259615384615385
4 0.5600961538461539 0.6742788461538463 0.0625 0.12740384615384615
