2 0.21754807692307693 0.3004807692307692 0.09375 0.20673076923076925
12 0.578125 0.3269230769230769 0.06971153846153855 0.14423076923076927
7 0.5757211538461539 0.4254807692307692 0.07451923076923084 0.16346153846153844
8 0.8569711538461539 0.28966346153846156 0.09375 0.22836538461538464
10 0.671875 0.5612980769230769 0.07451923076923084 0.12259615384615385
10 0.7596153846153846 0.3233173076923077 0.0625 0.12259615384615385
6 0.7451923076923077 0.14903846153846154 0.07211538461538458 0.13461538461538464
4 0.6742788461538463 0.4375 0.060096153846153855 0.12019230769230771
4 0.4170673076923077 0.33052884615384615 0.05048076923076922 0.12740384615384615
4 0.47596153846153844 0.6706730769230769 0.06730769230769229 0.1298076923076924
