6 0.8581730769230769 0.7427884615384616 0.07211538461538469 0.13942307692307687
2 0.7427884615384615 0.5913461538461539 0.09134615384615385 0.2163461538461538
5 0.6225961538461539 0.2800480769230769 0.07211538461538458 0.17548076923076925
4 0.7067307692307692 0.2127403846153846 0.04807692307692302 0.10817307692307693
4 0.6466346153846154 0.4987980769230769 0.05288461538461542 0.11778846153846156
4 0.5396634615384615 0.28846153846153844 0.050480769230769273 0.11057692307692307
3 0.46153846153846156 0.3810096153846154 0.07692307692307693 0.14663461538461536
11 0.3810096153846154 0.27403846153846156 0.06971153846153849 0.18750000000000003
8 0.2872596153846154 0.3449519230769231 0.07451923076923078 0.2091346153846154
10 0.4567307692307692 0.2848557692307692 0.05769230769230771 0.11298076923076925
10 0.3894230769230769 0.12139423076923075 0.05288461538461542 0.10817307692307691
10 0.3076923076923077 0.04447115384615385 0.05288461538461536 0.0889423076923077
10 0.2716346153846154 0.5973557692307692 0.06730769230769235 0.12740384615384615
12 0.2079326923076923 0.18629807692307693 0.06490384615384617 0.13221153846153844
12 0.6610576923076923 0.7223557692307693 0.07692307692307687 0.15625
