6 0.8846153846153846 0.8233173076923077 0.08173076923076927 0.1514423076923077
2 0.765625 0.6610576923076923 0.10336538461538458 0.23557692307692313
5 0.6454326923076923 0.3245192307692308 0.07932692307692313 0.1875
4 0.7367788461538461 0.25600961538461536 0.05528846153846145 0.11778846153846154
4 0.6646634615384615 0.5576923076923077 0.060096153846153855 0.125
4 0.5576923076923077 0.3317307692307692 0.05769230769230771 0.12019230769230771
3 0.47115384615384615 0.4314903846153846 0.08653846153846151 0.15624999999999994
11 0.390625 0.31490384615384615 0.07932692307692313 0.20192307692307696
8 0.28725961538461536 0.38822115384615385 0.08413461538461539 0.2235576923076923
10 0.46875 0.3293269230769231 0.06730769230769229 0.12019230769230771
10 0.4014423076923077 0.15264423076923078 0.0625 0.11778846153846154
10 0.3161057692307692 0.06129807692307693 0.060096153846153855 0.10817307692307693
10 0.2644230769230769 0.6550480769230769 0.07211538461538461 0.13701923076923073
12 0.2079326923076923 0.21634615384615385 0.07451923076923075 0.1394230769230769
12 0.6742788461538461 0.7980769230769231 0.08413461538461542 0.16826923076923073
