2 0.19591346153846154 0.3004807692307692 0.08894230769230771 0.21153846153846154
1 0.38100961538461536 0.15384615384615385 0.060096153846153855 0.14903846153846154
6 0.4050480769230769 0.07692307692307693 0.06490384615384615 0.125
6 0.46153846153846156 0.2415865384615385 0.06730769230769235 0.12740384615384617
3 0.5408653846153846 0.24639423076923078 0.0625 0.13701923076923075
4 0.5625 0.17668269230769232 0.05769230769230771 0.10817307692307694
4 0.2824519230769231 0.3449519230769231 0.055288461538461564 0.11298076923076927
4 0.359375 0.5528846153846154 0.055288461538461564 0.12019230769230771
4 0.2139423076923077 0.8064903846153846 0.06730769230769232 0.12259615384615385
4 0.4254807692307692 0.6826923076923077 0.06730769230769229 0.1298076923076923
3 0.5252403846153846 0.8004807692307692 0.07932692307692307 0.17307692307692302
8 0.8293269230769231 0.4122596153846154 0.09134615384615385 0.2139423076923077
12 0.7992788461538461 0.0733173076923077 0.06971153846153855 0.13701923076923075
9 0.7391826923076923 0.8088942307692308 0.08894230769230771 0.17067307692307698
11 0.6442307692307692 0.14182692307692307 0.07692307692307698 0.1923076923076923
7 0.8088942307692308 0.14302884615384615 0.06490384615384615 0.1466346153846154
7 0.625 0.4338942307692307 0.06730769230769229 0.15144230769230765
10 0.47596153846153844 0.15504807692307693 0.057692307692307654 0.11298076923076923
10 0.7163461538461539 0.1610576923076923 0.0625 0.12019230769230768
10 0.7283653846153846 0.33653846153846156 0.05769230769230771 0.11538461538461536
10 0.7283653846153846 0.4411057692307692 0.06730769230769229 0.11778846153846156
10 0.6201923076923077 0.5721153846153846 0.06730769230769229 0.125
