2 0.796875 0.25721153846153844 0.08894230769230771 0.21634615384615383
1 0.6141826923076923 0.11298076923076922 0.060096153846153855 0.15384615384615385
6 0.5913461538461539 0.05048076923076923 0.06730769230769229 0.10096153846153846
6 0.5300480769230769 0.20552884615384615 0.06971153846153844 0.13221153846153844
3 0.44711538461538464 0.21394230769230768 0.0625 0.14423076923076922
4 0.4278846153846154 0.14302884615384615 0.057692307692307654 0.11298076923076925
4 0.7079326923076923 0.30288461538461536 0.055288461538461564 0.11538461538461539
4 0.6213942307692308 0.5192307692307693 0.055288461538461564 0.12500000000000006
4 0.7608173076923077 0.7704326923076923 0.06490384615384615 0.12740384615384615
4 0.5504807692307693 0.6538461538461539 0.06730769230769229 0.13461538461538458
3 0.44471153846153844 0.7764423076923077 0.08173076923076922 0.17788461538461542
8 0.14903846153846154 0.3918269230769231 0.09134615384615385 0.22115384615384615
12 0.1923076923076923 0.05889423076923077 0.07211538461538461 0.11778846153846154
9 0.2271634615384615 0.7920673076923077 0.08894230769230768 0.17548076923076916
11 0.34615384615384615 0.109375 0.07211538461538458 0.19471153846153844
7 0.17908653846153846 0.11658653846153846 0.06490384615384615 0.1514423076923077
7 0.35697115384615385 0.4050480769230769 0.06490384615384615 0.15625
10 0.516826923076923 0.11658653846153846 0.057692307692307654 0.11778846153846152
10 0.27283653846153844 0.13341346153846154 0.06009615384615383 0.12259615384615385
10 0.2548076923076923 0.3125 0.05769230769230768 0.11538461538461542
10 0.2512019230769231 0.4182692307692308 0.06490384615384615 0.12019230769230771
10 0.3557692307692308 0.546875 0.06730769230769229 0.1274038461538462
