2 0.171875 0.28725961538461536 0.09375 0.21874999999999997
1 0.3629807692307692 0.13221153846153846 0.0625 0.15384615384615385
6 0.3870192307692308 0.05889423076923077 0.06730769230769229 0.11778846153846154
6 0.44471153846153844 0.22115384615384615 0.07211538461538464 0.1298076923076923
3 0.5252403846153846 0.2235576923076923 0.06490384615384615 0.14423076923076925
4 0.5480769230769231 0.15264423076923078 0.0576923076923076 0.11298076923076923
4 0.2608173076923077 0.33052884615384615 0.05528846153846151 0.11778846153846156
4 0.3389423076923077 0.5408653846153846 0.05769230769230771 0.12499999999999994
4 0.18629807692307693 0.8028846153846154 0.06971153846153846 0.125
4 0.4026442307692308 0.6706730769230769 0.06971153846153844 0.1346153846153847
3 0.5036057692307692 0.7896634615384615 0.08413461538461531 0.18028846153846156
8 0.8185096153846154 0.3858173076923077 0.09855769230769229 0.2235576923076923
12 0.7896634615384615 0.056490384615384616 0.07451923076923073 0.11298076923076923
9 0.7247596153846154 0.7920673076923077 0.09375 0.17548076923076916
11 0.6322115384615384 0.1141826923076923 0.07692307692307687 0.19471153846153846
7 0.8004807692307693 0.109375 0.06730769230769229 0.1514423076923077
7 0.609375 0.41225961538461536 0.06971153846153855 0.15625
10 0.4579326923076923 0.13100961538461536 0.060096153846153855 0.11778846153846154
10 0.7043269230769231 0.1310096153846154 0.0625 0.12259615384615385
10 0.7163461538461539 0.3112980769230769 0.05769230769230771 0.11778846153846156
10 0.7151442307692308 0.41947115384615385 0.06971153846153844 0.12259615384615385
10 0.6045673076923077 0.5540865384615384 0.06971153846153844 0.1322115384615385
