2 0.7716346153846154 0.3004807692307693 0.08173076923076927 0.20192307692307693
4 0.7427884615384616 0.7860576923076923 0.0625 0.11538461538461542
6 0.8052884615384616 0.53125 0.07211538461538458 0.13461538461538458
6 0.5697115384615384 0.08052884615384616 0.04807692307692313 0.13221153846153846
3 0.5961538461538461 0.33533653846153844 0.05769230769230771 0.14663461538461536
3 0.6358173076923077 0.65625 0.06490384615384615 0.15384615384615374
5 0.5180288461538461 0.4254807692307692 0.0649038461538462 0.1778846153846153
4 0.5132211538461539 0.26322115384615385 0.05048076923076922 0.11778846153846156
4 0.5444711538461537 0.6658653846153846 0.060096153846153855 0.125
4 0.6069711538461539 0.5420673076923077 0.05528846153846145 0.11298076923076922
4 0.6826923076923077 0.34254807692307687 0.05288461538461542 0.10817307692307693
4 0.49158653846153844 0.17307692307692307 0.04567307692307687 0.10096153846153848
1 0.5973557692307692 0.15745192307692307 0.055288461538461564 0.14182692307692307
1 0.35697115384615385 0.5396634615384616 0.06490384615384615 0.14182692307692313
9 0.23557692307692307 0.7908653846153846 0.08173076923076925 0.15865384615384615
8 0.16346153846153846 0.4098557692307693 0.08173076923076923 0.21394230769230776
12 0.1983173076923077 0.0889423076923077 0.06490384615384617 0.12980769230769232
11 0.34615384615384615 0.1466346153846154 0.05769230769230771 0.17788461538461536
9 0.35096153846153844 0.3221153846153846 0.0625 0.13461538461538464
7 0.3557692307692308 0.42908653846153844 0.0625 0.13701923076923078
7 0.18509615384615385 0.1514423076923077 0.0625 0.14423076923076925
10 0.4158653846153846 0.08653846153846154 0.04807692307692307 0.10576923076923078
10 0.4158653846153846 0.24759615384615385 0.04807692307692307 0.11538461538461542
10 0.27403846153846156 0.17067307692307693 0.04807692307692307 0.10576923076923078
10 0.25841346153846156 0.3377403846153846 0.05528846153846151 0.10817307692307693
10 0.2596153846153846 0.43870192307692313 0.057692307692307654 0.10817307692307693
10 0.24879807692307693 0.6670673076923077 0.060096153846153855 0.11778846153846156
