5 0.7920673076923077 0.2860576923076923 0.07451923076923084 0.16826923076923078
2 0.8004807692307692 0.36177884615384615 0.08173076923076927 0.19471153846153844
6 0.8569711538461539 0.7319711538461539 0.07451923076923084 0.14182692307692313
6 0.7451923076923077 0.054086538461538464 0.05288461538461542 0.10817307692307693
1 0.7584134615384615 0.19951923076923078 0.050480769230769273 0.1346153846153846
1 0.7175480769230769 0.6153846153846154 0.06490384615384615 0.1298076923076923
4 0.7055288461538461 0.3942307692307692 0.04567307692307687 0.10096153846153844
4 0.7175480769230769 0.5024038461538461 0.050480769230769273 0.10576923076923078
4 0.6514423076923077 0.7439903846153846 0.05288461538461542 0.10336538461538458
4 0.625 0.6165865384615385 0.05288461538461542 0.11298076923076927
4 0.6814903846153846 0.21875 0.04567307692307698 0.09615384615384615
4 0.6670673076923077 0.1346153846153846 0.04086538461538458 0.09134615384615384
4 0.6610576923076923 0.04927884615384615 0.04326923076923084 0.0985576923076923
3 0.5901442307692308 0.1201923076923077 0.050480769230769273 0.1346153846153846
3 0.6346153846153846 0.4807692307692308 0.0625 0.14423076923076927
4 0.5180288461538461 0.2980769230769231 0.04567307692307687 0.10576923076923075
11 0.1814903846153846 0.2764423076923077 0.06490384615384615 0.17307692307692307
8 0.1670673076923077 0.3641826923076923 0.06971153846153846 0.19951923076923078
7 0.15625 0.49278846153846156 0.05769230769230771 0.13942307692307693
7 0.18509615384615385 0.19951923076923078 0.05288461538461539 0.1346153846153846
9 0.3629807692307692 0.19471153846153844 0.0625 0.15384615384615383
9 0.16466346153846156 0.6069711538461539 0.06971153846153846 0.15625
10 0.45552884615384615 0.7439903846153846 0.055288461538461564 0.10817307692307698
10 0.2608173076923077 0.6237980769230769 0.060096153846153855 0.10817307692307698
10 0.2608173076923077 0.5228365384615385 0.060096153846153855 0.11298076923076927
10 0.2704326923076923 0.4110576923076923 0.055288461538461536 0.10096153846153849
10 0.27283653846153844 0.31009615384615385 0.06009615384615383 0.10096153846153844
10 0.27403846153846156 0.21995192307692307 0.05288461538461536 0.09375
10 0.2776442307692308 0.1346153846153846 0.055288461538461564 0.09134615384615384
10 0.2776442307692307 0.05168269230769231 0.04086538461538464 0.0985576923076923
12 0.19951923076923078 0.051682692307692304 0.05288461538461539 0.10336538461538461
12 0.2536057692307692 0.7512019230769231 0.06490384615384615 0.13701923076923073
