5 0.7848557692307692 0.2848557692307693 0.07451923076923073 0.13701923076923078
2 0.7920673076923077 0.3701923076923077 0.06971153846153844 0.1826923076923077
1 0.7608173076923077 0.2127403846153846 0.055288461538461564 0.11778846153846151
1 0.8040865384615385 0.4939903846153846 0.060096153846153855 0.1322115384615385
3 0.7475961538461539 0.13341346153846154 0.05288461538461542 0.10817307692307693
3 0.8269230769230769 0.609375 0.07211538461538469 0.12259615384615374
6 0.8401442307692308 0.7307692307692308 0.06490384615384615 0.1346153846153847
6 0.7415865384615385 0.0673076923076923 0.050480769230769273 0.10576923076923077
4 0.6610576923076923 0.06129807692307693 0.04326923076923084 0.09375
4 0.6646634615384616 0.140625 0.04086538461538458 0.09375
4 0.6778846153846154 0.22596153846153844 0.038461538461538436 0.09134615384615383
4 0.6850961538461539 0.30649038461538464 0.04326923076923084 0.09375
4 0.6983173076923077 0.4014423076923077 0.05048076923076916 0.10096153846153849
4 0.7115384615384616 0.5048076923076923 0.04807692307692313 0.10576923076923078
4 0.7235576923076923 0.6117788461538461 0.04326923076923084 0.10336538461538458
4 0.7379807692307692 0.7319711538461539 0.04807692307692302 0.11298076923076916
11 0.19110576923076922 0.27524038461538464 0.06971153846153846 0.15625000000000003
8 0.17067307692307693 0.3605769230769231 0.06730769230769229 0.1923076923076923
7 0.15865384615384615 0.4879807692307693 0.0625 0.12980769230769235
9 0.1983173076923077 0.12740384615384615 0.055288461538461536 0.11538461538461539
9 0.15504807692307693 0.6213942307692308 0.06971153846153845 0.13221153846153844
12 0.2079326923076923 0.052884615384615384 0.055288461538461536 0.10576923076923077
12 0.13942307692307693 0.7475961538461539 0.07211538461538461 0.13461538461538458
10 0.28365384615384615 0.05649038461538461 0.04807692307692307 0.09375
10 0.27884615384615385 0.13341346153846154 0.04807692307692307 0.08413461538461538
10 0.2800480769230769 0.22475961538461536 0.055288461538461564 0.09374999999999997
10 0.2740384615384615 0.3088942307692308 0.05769230769230768 0.08894230769230771
10 0.2740384615384615 0.4098557692307692 0.05769230769230768 0.09855769230769229
10 0.26322115384615385 0.5108173076923077 0.055288461538461564 0.09375
10 0.2620192307692308 0.6117788461538461 0.05769230769230771 0.10817307692307687
10 0.2512019230769231 0.734375 0.06490384615384615 0.11298076923076916
