5 0.7836538461538461 0.2956730769230769 0.06730769230769229 0.15865384615384615
2 0.7908653846153846 0.3713942307692308 0.07211538461538458 0.18990384615384615
1 0.7524038461538461 0.2127403846153846 0.05288461538461542 0.13701923076923078
6 0.8425480769230769 0.734375 0.06971153846153844 0.13221153846153855
6 0.7403846153846154 0.0673076923076923 0.04807692307692302 0.11538461538461539
3 0.4435096153846154 0.39302884615384615 0.05528846153846151 0.13221153846153844
3 0.5901442307692308 0.12980769230769232 0.050480769230769273 0.125
4 0.6598557692307692 0.06370192307692307 0.04086538461538469 0.09375
4 0.6694711538461539 0.14302884615384615 0.04086538461538458 0.0889423076923077
4 0.6754807692307692 0.2295673076923077 0.043269230769230727 0.09855769230769232
4 0.7091346153846154 0.5084134615384616 0.05288461538461542 0.09855769230769235
4 0.6983173076923077 0.40384615384615385 0.04567307692307687 0.10096153846153844
4 0.515625 0.3004807692307692 0.04086538461538458 0.09615384615384615
4 0.6201923076923077 0.6165865384615384 0.04807692307692313 0.10817307692307687
4 0.6442307692307692 0.7415865384615384 0.04807692307692302 0.10817307692307687
11 0.18990384615384615 0.2764423076923077 0.0625 0.16826923076923075
8 0.17307692307692307 0.3629807692307692 0.06730769230769229 0.1923076923076923
9 0.3653846153846154 0.19711538461538464 0.04807692307692307 0.1346153846153846
9 0.17067307692307693 0.6033653846153846 0.0625 0.13942307692307698
7 0.15985576923076922 0.4879807692307693 0.050480769230769246 0.13461538461538464
7 0.19230769230769232 0.20673076923076925 0.04807692307692307 0.13461538461538464
10 0.4387019230769231 0.30408653846153844 0.04086538461538458 0.09375
10 0.43028846153846156 0.13942307692307693 0.04326923076923078 0.09615384615384616
10 0.2872596153846154 0.057692307692307696 0.04086538461538464 0.09615384615384615
10 0.28365384615384615 0.22235576923076922 0.04326923076923078 0.09855769230769229
10 0.2752403846153846 0.40865384615384615 0.04567307692307693 0.10096153846153844
10 0.2644230769230769 0.5120192307692308 0.048076923076923045 0.10096153846153844
10 0.2644230769230769 0.6153846153846154 0.048076923076923045 0.10096153846153844
10 0.4495192307692307 0.7355769230769231 0.05288461538461536 0.10576923076923073
