2 0.7680288461538461 0.3016826923076923 0.08894230769230771 0.21394230769230768
6 0.6574519230769231 0.16706730769230768 0.06971153846153844 0.14182692307692307
3 0.6454326923076923 0.7632211538461539 0.08413461538461542 0.1610576923076923
4 0.6995192307692307 0.5456730769230769 0.05769230769230771 0.11057692307692307
4 0.5192307692307692 0.35096153846153844 0.05288461538461531 0.11538461538461536
1 0.5348557692307692 0.5432692307692308 0.06490384615384615 0.15384615384615385
1 0.35096153846153844 0.14783653846153846 0.0625 0.15625
8 0.1766826923076923 0.39302884615384615 0.08894230769230768 0.2235576923076923
10 0.3389423076923077 0.5444711538461539 0.0625 0.11778846153846151
11 0.44471153846153844 0.14903846153846154 0.07211538461538464 0.1826923076923077
9 0.19591346153846154 0.14543269230769232 0.07932692307692307 0.15625
7 0.5048076923076923 0.07091346153846154 0.05769230769230771 0.14182692307692307
7 0.1514423076923077 0.6394230769230769 0.08173076923076925 0.15865384615384615
