12 0.5697115384615384 0.3545673076923077 0.0625 0.1322115384615385
10 0.6514423076923077 0.5745192307692308 0.0625 0.11538461538461531
10 0.7463942307692308 0.35216346153846156 0.060096153846153855 0.11298076923076922
8 0.8401442307692308 0.4266826923076923 0.08413461538461531 0.20913461538461536
7 0.8161057692307692 0.15985576923076922 0.060096153846153855 0.15144230769230768
6 0.734375 0.18509615384615385 0.060096153846153744 0.1298076923076923
4 0.6610576923076923 0.4579326923076923 0.05769230769230771 0.11298076923076916
2 0.23076923076923078 0.31971153846153844 0.09134615384615385 0.20673076923076922
4 0.41466346153846156 0.3557692307692308 0.05048076923076922 0.12019230769230771
4 0.46875 0.671875 0.0625 0.12740384615384626
