12 0.5348557692307692 0.3293269230769231 0.06971153846153844 0.14423076923076927
10 0.6129807692307693 0.5661057692307692 0.06730769230769229 0.12259615384615385
10 0.7271634615384615 0.32091346153846156 0.06490384615384615 0.1225961538461538
8 0.8257211538461539 0.39783653846153844 0.09375 0.2235576923076923
7 0.8088942307692308 0.109375 0.06490384615384615 0.1610576923076923
6 0.7211538461538461 0.13942307692307693 0.06730769230769229 0.13942307692307693
4 0.6274038461538461 0.4375 0.0625 0.12019230769230771
2 0.1670673076923077 0.3004807692307692 0.09855769230769232 0.22115384615384615
4 0.3653846153846154 0.3341346153846154 0.057692307692307654 0.12980769230769235
4 0.4110576923076923 0.6766826923076923 0.06730769230769229 0.13701923076923084
