2 0.8052884615384615 0.3004807692307692 0.09615384615384615 0.20673076923076925
12 0.4543269230769231 0.3221153846153846 0.06730769230769229 0.13942307692307693
7 0.4627403846153846 0.41947115384615385 0.07451923076923078 0.1514423076923077
8 0.17668269230769232 0.3858173076923077 0.09375 0.2235576923076923
6 0.2800480769230769 0.14182692307692307 0.06490384615384615 0.13942307692307693
10 0.2704326923076923 0.3173076923076923 0.06009615384615383 0.11538461538461536
10 0.37740384615384615 0.5516826923076923 0.06730769230769229 0.1274038461538462
4 0.3641826923076923 0.4254807692307693 0.05528846153846151 0.11538461538461536
4 0.6165865384615385 0.3293269230769231 0.055288461538461564 0.12019230769230771
4 0.5757211538461537 0.6634615384615384 0.06490384615384615 0.1298076923076923
