1 0.7091346153846154 0.6129807692307692 0.05288461538461542 0.1346153846153847
10 0.4471153846153846 0.7331730769230769 0.04807692307692307 0.10576923076923073
5 0.7824519230769231 0.29447115384615385 0.06971153846153844 0.15625
2 0.7944711538461539 0.3737980769230769 0.06971153846153855 0.18990384615384615
1 0.7524038461538461 0.21153846153846154 0.04807692307692313 0.13461538461538464
6 0.8413461538461539 0.734375 0.07211538461538458 0.13221153846153855
6 0.7391826923076923 0.06490384615384615 0.05048076923076916 0.11538461538461538
3 0.4411057692307693 0.3954326923076923 0.05048076923076922 0.13701923076923078
3 0.5877403846153846 0.1310096153846154 0.04567307692307698 0.12740384615384615
4 0.6586538461538461 0.0625 0.04326923076923084 0.09134615384615385
4 0.6646634615384616 0.14302884615384615 0.03605769230769229 0.09374999999999999
4 0.6754807692307692 0.22596153846153846 0.043269230769230727 0.10096153846153849
4 0.6971153846153846 0.4014423076923077 0.04807692307692302 0.10096153846153849
4 0.7067307692307692 0.5048076923076923 0.04807692307692302 0.10096153846153849
4 0.6430288461538461 0.7415865384615385 0.05048076923076916 0.11298076923076927
4 0.6153846153846154 0.6153846153846154 0.05288461538461542 0.10576923076923073
4 0.5168269230769231 0.29927884615384615 0.043269230769230727 0.09855769230769229
11 0.18629807692307693 0.27884615384615385 0.06490384615384615 0.16826923076923075
8 0.17548076923076922 0.36538461538461536 0.07211538461538461 0.1875
7 0.19230769230769232 0.203125 0.04807692307692307 0.13221153846153844
7 0.15985576923076922 0.4891826923076923 0.055288461538461536 0.13701923076923078
12 0.25240384615384615 0.7427884615384616 0.06730769230769229 0.1298076923076923
12 0.2079326923076923 0.054086538461538464 0.050480769230769246 0.10817307692307693
9 0.3641826923076923 0.1983173076923077 0.05048076923076922 0.13221153846153846
9 0.16586538461538464 0.5997596153846154 0.06730769230769232 0.14182692307692302
10 0.4375 0.3004807692307692 0.043269230769230727 0.10096153846153844
10 0.4278846153846154 0.140625 0.04326923076923078 0.0985576923076923
10 0.2848557692307693 0.056490384615384616 0.04086538461538464 0.0985576923076923
10 0.28245192307692313 0.22355769230769232 0.04567307692307693 0.10096153846153849
10 0.2752403846153846 0.40865384615384615 0.04567307692307693 0.10096153846153844
10 0.265625 0.5108173076923077 0.0456730769230769 0.09855769230769229
10 0.26322115384615385 0.6141826923076923 0.05048076923076922 0.10336538461538458
