2 0.21754807692307693 0.3028846153846154 0.09375 0.20673076923076922
12 0.5697115384615384 0.3185096153846154 0.06730769230769229 0.14182692307692307
7 0.5612980769230769 0.41346153846153844 0.07451923076923073 0.1538461538461538
8 0.84375 0.3762019230769231 0.09134615384615374 0.2235576923076923
6 0.7427884615384616 0.1346153846153846 0.0625 0.13942307692307693
10 0.75 0.3088942307692308 0.05769230769230771 0.11778846153846156
10 0.6466346153846154 0.5432692307692307 0.06730769230769229 0.12980769230769224
4 0.6574519230769231 0.4182692307692307 0.055288461538461564 0.11538461538461536
4 0.4074519230769231 0.3269230769230769 0.055288461538461564 0.12019230769230771
4 0.4495192307692308 0.6586538461538461 0.0625 0.1298076923076923
