2 0.20673076923076922 0.2848557692307692 0.09615384615384615 0.2091346153846154
12 0.5661057692307692 0.3161057692307692 0.06971153846153844 0.1418269230769231
7 0.5564903846153846 0.41346153846153844 0.07451923076923073 0.1538461538461538
8 0.8473557692307693 0.3870192307692308 0.09375 0.22596153846153844
6 0.7439903846153846 0.13581730769230768 0.06490384615384615 0.14182692307692307
10 0.7512019230769231 0.3137019230769231 0.060096153846153855 0.11778846153846156
10 0.6430288461538461 0.5504807692307693 0.06971153846153855 0.12980769230769235
4 0.65625 0.421875 0.05769230769230771 0.11778846153846156
4 0.4002403846153846 0.3161057692307692 0.05528846153846151 0.12259615384615385
4 0.44350961538461536 0.65625 0.06490384615384615 0.1298076923076923
