5 0.22235576923076925 0.3028846153846154 0.07451923076923078 0.1634615384615385
2 0.21754807692307693 0.375 0.07932692307692304 0.1875
6 0.17548076923076922 0.7355769230769231 0.0769230769230769 0.13942307692307698
6 0.2596153846153846 0.0733173076923077 0.05288461538461536 0.11298076923076925
1 0.2512019230769231 0.21875 0.050480769230769246 0.1346153846153846
1 0.30528846153846156 0.6237980769230769 0.0625 0.12740384615384615
4 0.31129807692307687 0.4074519230769231 0.04567307692307693 0.09855769230769229
4 0.3016826923076923 0.5132211538461539 0.05048076923076922 0.10336538461538458
4 0.3737980769230769 0.75 0.055288461538461564 0.10096153846153855
4 0.3966346153846154 0.6262019230769231 0.05288461538461536 0.10817307692307698
4 0.3293269230769231 0.23677884615384615 0.043269230769230727 0.09375
4 0.3389423076923077 0.15625 0.04326923076923078 0.09134615384615385
4 0.34375 0.07091346153846154 0.043269230769230727 0.09855769230769232
3 0.41466346153846156 0.14423076923076922 0.05048076923076922 0.1346153846153846
3 0.38341346153846156 0.4939903846153846 0.0649038461538462 0.14182692307692307
4 0.4891826923076923 0.3161057692307693 0.04567307692307687 0.10336538461538464
11 0.8173076923076923 0.3004807692307693 0.0625 0.16826923076923078
8 0.8353365384615385 0.3858173076923077 0.06971153846153844 0.1947115384615385
7 0.8485576923076923 0.5120192307692308 0.05769230769230771 0.1346153846153847
7 0.8112980769230769 0.2247596153846154 0.055288461538461564 0.1322115384615385
9 0.6370192307692307 0.21754807692307693 0.0625 0.1514423076923077
9 0.8461538461538461 0.6213942307692307 0.07211538461538458 0.1514423076923077
10 0.5649038461538461 0.7524038461538461 0.05288461538461542 0.10576923076923084
10 0.7536057692307692 0.6382211538461539 0.060096153846153855 0.10336538461538458
10 0.7475961538461539 0.5396634615384616 0.0625 0.10817307692307693
10 0.734375 0.43028846153846156 0.05528846153846145 0.10096153846153849
10 0.7295673076923077 0.33052884615384615 0.060096153846153855 0.09855769230769229
10 0.7259615384615384 0.24399038461538464 0.05288461538461542 0.09375000000000003
10 0.7175480769230769 0.1610576923076923 0.055288461538461564 0.09134615384615383
10 0.7151442307692308 0.07932692307692307 0.04086538461538469 0.09615384615384615
12 0.7920673076923077 0.07692307692307693 0.055288461538461564 0.11057692307692307
12 0.7632211538461537 0.7608173076923077 0.06490384615384615 0.13221153846153844
