12 0.44350961538461536 0.3389423076923077 0.06490384615384615 0.13942307692307693
10 0.3557692307692308 0.5685096153846154 0.06730769230769229 0.11778846153846156
10 0.25721153846153844 0.33533653846153844 0.06249999999999997 0.11778846153846151
8 0.15985576923076922 0.4110576923076923 0.08894230769230768 0.2163461538461539
7 0.1875 0.13341346153846154 0.0625 0.15625
6 0.2728365384615385 0.1610576923076923 0.06490384615384617 0.1346153846153846
4 0.3473557692307692 0.44471153846153844 0.060096153846153855 0.11538461538461536
2 0.796875 0.3064903846153846 0.09375 0.21394230769230765
4 0.6033653846153846 0.34134615384615385 0.05288461538461542 0.125
4 0.5444711538461537 0.6706730769230769 0.06490384615384615 0.1346153846153847
